1.000000000000000000e+00 1.000000000000000000e+00 1.000000000000000000e+00 1.000000000000000000e+00 1.000000000000000000e+00 1.000000000000000000e+00 1.000000000000000000e+00 1.000000000000000000e+00 1.000000000000000000e+00 1.000000000000000000e+00 1.000000000000000000e+00 1.000000000000000000e+00 1.000000000000000000e+00 1.000000000000000000e+00 1.000000000000000000e+00 1.000000000000000000e+00 1.000000000000000000e+00 1.000000000000000000e+00 1.000000000000000000e+00 1.000000000000000000e+00 1.000000000000000000e+00 1.000000000000000000e+00 1.000000000000000000e+00 1.000000000000000000e+00 1.000000000000000000e+00 1.000000000000000000e+00 1.000000000000000000e+00 1.000000000000000000e+00 1.000000000000000000e+00 1.000000000000000000e+00 1.000000000000000000e+00 1.000000000000000000e+00 1.000000000000000000e+00 1.000000000000000000e+00 1.000000000000000000e+00 1.000000000000000000e+00 1.000000000000000000e+00 1.000000000000000000e+00 1.000000000000000000e+00 1.000000000000000000e+00 1.000000000000000000e+00 1.000000000000000000e+00 1.000000000000000000e+00 1.000000000000000000e+00 1.000000000000000000e+00 1.000000000000000000e+00 1.000000000000000000e+00 1.000000000000000000e+00 1.000000000000000000e+00 1.000000000000000000e+00 1.000000000000000000e+00 1.000000000000000000e+00 1.000000000000000000e+00 1.000000000000000000e+00 1.000000000000000000e+00 1.000000000000000000e+00 1.000000000000000000e+00 1.000000000000000000e+00 1.000000000000000000e+00 1.000000000000000000e+00 1.000000000000000000e+00 1.000000000000000000e+00 1.000000000000000000e+00 1.000000000000000000e+00 1.000000000000000000e+00 1.000000000000000000e+00 1.000000000000000000e+00 1.000000000000000000e+00 1.000000000000000000e+00 1.000000000000000000e+00 1.000000000000000000e+00 1.000000000000000000e+00 1.000000000000000000e+00 1.000000000000000000e+00 1.000000000000000000e+00 1.000000000000000000e+00 1.000000000000000000e+00 1.000000000000000000e+00 1.000000000000000000e+00 1.000000000000000000e+00 1.000000000000000000e+00 1.000000000000000000e+00 1.000000000000000000e+00 1.000000000000000000e+00 1.000000000000000000e+00 1.000000000000000000e+00 1.000000000000000000e+00 1.000000000000000000e+00 1.000000000000000000e+00 1.000000000000000000e+00 1.000000000000000000e+00 1.000000000000000000e+00 1.000000000000000000e+00 1.000000000000000000e+00 1.000000000000000000e+00 1.000000000000000000e+00 1.000000000000000000e+00 1.000000000000000000e+00 1.000000000000000000e+00 1.000000000000000000e+00
9.796197563543349585e-01 9.795831907966295882e-01 9.795261249974820394e-01 9.794482595574914852e-01 9.793491858997844801e-01 9.792283812021178591e-01 9.790851998122331867e-01 9.789188455084706364e-01 9.787282645567654260e-01 9.785120680255950942e-01 9.782693034834873957e-01 9.779999844120605967e-01 9.777012010561542121e-01 9.773691496398102529e-01 9.770054760788737802e-01 9.766049496598474544e-01 9.761660775572656989e-01 9.756856105652521594e-01 9.751589164783240893e-01 9.745834795583574461e-01 9.739528089043072434e-01 9.732626353537137120e-01 9.725058481650457054e-01 9.716750448669221329e-01 9.707618092825229805e-01 9.697550862573141028e-01 9.686433045049691604e-01 9.674115538907214207e-01 9.660420724443434803e-01 9.645138847711542951e-01 9.628007949054766534e-01 9.608706173858264643e-01 9.586835673138501823e-01 9.561890277289922802e-01 9.533227511755072436e-01 9.500015591296205875e-01 9.461162787257867413e-01 9.415213185767137283e-01 9.360186087853091808e-01 9.293327270968491094e-01 9.210708152576450036e-01 9.106548047359237508e-01 8.972009747804245983e-01 8.792931062504490969e-01 8.545244225897110635e-01 8.184894660623145413e-01 7.623035402560469631e-01 6.655520724542269839e-01 4.726320622947632888e-01 0.000000000000000000e+00 5.024496880523043885e-01 7.010784368686466816e-01 7.939095120413952600e-01 8.441724914110781963e-01 8.747839791338003490e-01 8.951677603024166263e-01 9.096747112609318009e-01 9.205251556972753324e-01 9.289514987780314037e-01 9.356872592799547750e-01 9.411950804477827726e-01 9.457811846971261316e-01 9.496565884125253154e-01 9.529716869496620557e-01 9.558367499301658743e-01 9.583345852499427497e-01 9.605286567798352326e-01 9.624684590257324146e-01 9.641931788313198304e-01 9.657342534570545478e-01 9.671171965506545343e-01 9.683629264789396229e-01 9.694887517810375499e-01 9.705091136945365182e-01 9.714361484354253617e-01 9.722801224490614791e-01 9.730497756477947124e-01 9.737525861178939479e-01 9.743949843151797907e-01 9.749825249566603791e-01 9.755200226049849377e-01 9.760116668190148559e-01 9.764611114494142763e-01 9.768715522249865613e-01 9.772457881738860763e-01 9.775862741305354486e-01 9.778951640708024584e-01 9.781743474364272828e-01 9.784254796892803974e-01 9.786500079757349813e-01 9.788491925624426271e-01 9.790241249679680902e-01 9.791757434932704118e-01 9.793048454501909195e-01 9.794120978912206343e-01 9.794980461738925781e-01 9.795631207518024075e-01 9.796076425731254922e-01 9.796318269030818149e-01 9.796357859800750578e-01
9.592595461770025977e-01 9.591866138303861700e-01 9.590727863757331217e-01 9.589174687311072809e-01 9.587198490013681962e-01 9.584788877828084308e-01 9.581932959597943000e-01 9.578614424795683924e-01 9.574810961355169070e-01 9.570496739382082785e-01 9.565663010217266837e-01 9.560299512586376558e-01 9.554324785840401235e-01 9.547713383271078103e-01 9.540468596272053681e-01 9.532474495328266961e-01 9.523744984869891850e-01 9.514152740961301369e-01 9.503679512148762720e-01 9.492202285187382182e-01 9.479657674772428155e-01 9.465908943864311809e-01 9.450854407899151877e-01 9.434324124381340271e-01 9.416161635013395870e-01 9.396152405574557109e-01 9.374061797830904874e-01 9.349602924119837510e-01 9.322426838983670638e-01 9.292123440268094114e-01 9.258182346991226108e-01 9.219980290989915339e-01 9.176742607881830383e-01 9.127495669917147225e-01 9.071001578537302157e-01 9.005668845237279063e-01 8.929420857667648148e-01 8.839503252338322126e-01 8.732202467208125540e-01 8.602412739282387921e-01 8.442955549460313680e-01 8.243473404651566749e-01 7.988559446748952908e-01 7.654469823304843601e-01 7.203150542045163585e-01 6.571298497282164197e-01 5.651726022416363460e-01 4.272726829115516267e-01 2.249761824949391975e-01 0.000000000000000000e+00 3.087202575460695209e-01 5.079544627999454942e-01 6.303870092131147462e-01 7.079963389157741815e-01 7.597955075258594482e-01 7.962121745229572278e-01 8.230057346193211387e-01 8.434742008748714603e-01 8.595933528663453060e-01 8.726022173065670628e-01 8.833116239840228534e-01 8.922728014633508620e-01 8.998731983923574651e-01 9.063931121984181161e-01 9.120404190999908955e-01 9.169726167487858293e-01 9.213112575592889986e-01 9.251516689681101857e-01 9.285696673070404916e-01 9.316263007313376754e-01 9.343712658058609399e-01 9.368454136026876933e-01 9.390826219083302506e-01 9.411112089341561182e-01 9.429550097159157263e-01 9.446342185042888584e-01 9.461660470557686775e-01 9.475652373533798301e-01 9.488444811314398208e-01 9.500147482796674758e-01 9.510855566302446329e-01 9.520651928672847486e-01 9.529608890269412047e-01 9.537789742897071488e-01 9.545249941822633311e-01 9.552038153230276718e-01 9.558197089797635382e-01 9.563764237309462235e-01 9.568772447668225656e-01 9.573250448414064584e-01 9.577223261911651520e-01 9.580712568347842240e-01 9.583737005769393802e-01 9.586312414952933292e-01 9.588452051839625456e-01 9.590166755019265965e-01 9.591465079858063625e-01 9.592353406869041921e-01 9.592836014997059291e-01 9.592915136244652974e-01
9.389395307960001213e-01 9.388306228391120056e-01 9.386606343351655557e-01 9.384286818698119870e-01 9.381335604635830938e-01 9.377737259823922811e-01 9.373472455587440466e-01 9.368515864540432059e-01 9.362832871245355681e-01 9.356392265843250788e-01 9.349191515617554238e-01 9.341182363649467302e-01 9.332246506018920806e-01 9.322407384716173695e-01 9.311583284825790674e-01 9.299671049897566544e-01 9.286652186709103418e-01 9.272350771659765289e-01 9.256750282398535923e-01 9.239648155114207340e-01 9.220970790286256991e-01 9.200508694611483351e-01 9.178107802546157101e-01 9.153535476564096385e-01 9.126540421240998402e-01 9.096834039527315063e-01 9.064056754378734260e-01 9.027798956571613243e-01 8.987560387941678774e-01 8.942740851205738251e-01 8.892614571881609642e-01 8.836287291448154946e-01 8.772656379122997228e-01 8.700343819839413406e-01 8.617611107316562880e-01 8.522236665609586037e-01 8.411346882215520182e-01 8.281174392076070534e-01 8.126705602826994612e-01 7.941163708354423978e-01 7.715226997819019106e-01 7.435830152575286789e-01 7.084283813374009364e-01 6.633237248649438422e-01 6.041589191456915309e-01 5.245422635919886334e-01 4.139843283173531563e-01 2.533898782417250417e-01 0.000000000000000000e+00 0.000000000000000000e+00 2.244767878712178311e-01 3.916320292289622862e-01 5.116875809011962595e-01 5.976301812409111625e-01 6.601893472954306619e-01 7.068794843345342915e-01 7.426616220316867301e-01 7.707723109766400071e-01 7.933452229928621424e-01 8.118163396816866495e-01 8.271760850710698776e-01 8.401248727739765165e-01 8.511699532319658701e-01 8.606867951798613525e-01 8.689588393393968824e-01 8.762038397534986922e-01 8.825917159890387387e-01 8.882569141005631774e-01 8.933071378594590328e-01 8.978296289770847372e-01 9.018957590058533924e-01 9.055644430730395156e-01 9.088847162263387069e-01 9.118976899951928283e-01 9.146380599094652286e-01 9.171352936003019929e-01 9.194145539273799184e-01 9.214974342908283100e-01 9.234025552393332337e-01 9.251460320069259113e-01 9.267418679002438209e-01 9.282022655053187021e-01 9.295378882304079493e-01 9.307580748689541217e-01 9.318710160181719049e-01 9.328839043342975756e-01 9.338030572007559593e-01 9.346340220791355957e-01 9.353816635021127146e-01 9.360502371333043747e-01 9.366434515354894463e-01 9.371645213792972884e-01 9.376162106862537815e-01 9.380008697483996905e-01 9.383204656769873475e-01 9.385766072367294210e-01 9.387705646401031112e-01 9.389032851873313490e-01 9.389754044723757076e-01 9.389872539460902834e-01
9.186796683706506261e-01 9.185353635652658832e-01 9.183101035383606225e-01 9.180027275415618693e-01 9.176116522392679942e-01 9.171348443359446101e-01 9.165697158743161266e-01 9.159127483679765369e-01 9.151594129805178390e-01 9.143070173890628372e-01 9.133550671451089453e-01 9.122925080964957578e-01 9.111092403544968077e-01 9.098094957442695030e-01 9.083745103327123260e-01 9.068019791268713270e-01 9.050776812695411344e-01 9.031899563910366080e-01 9.011268334198455632e-01 8.988702281795816207e-01 8.964035789843414204e-01 8.937059458322098582e-01 8.907521014787183056e-01 8.875161126260687761e-01 8.839633211313501215e-01 8.800575626244008243e-01 8.757531044250277397e-01 8.709971474288016324e-01 8.657268883173173668e-01 8.598663888377345854e-01 8.533243526117049171e-01 8.459894035751107655e-01 8.377247580406143035e-01 8.283609614081413053e-01 8.176860488170006880e-01 8.054317607052734473e-01 7.912553258401353595e-01 7.747138727419506932e-01 7.552280496052126146e-01 7.320308997118359917e-01 7.040956912288962588e-01 6.700334641527276869e-01 6.279507807686497411e-01 5.752605888048354377e-01 5.084545945842178227e-01 4.228959289699268931e-01 3.128325653122752126e-01 1.723025244785054422e-01 0.000000000000000000e+00 6.887880114270877874e-02 1.975547368616540067e-01 3.224091382223093771e-01 4.271009330761162404e-01 5.106472640083243864e-01 5.764519966583723232e-01 6.284545448108539434e-01 6.699886812489381782e-01 7.036078976956129383e-01 7.311985686568239773e-01 7.541414957174917832e-01 7.734511503018383083e-01 7.898802849283501626e-01 8.039945692576203617e-01 8.162248872731961979e-01 8.269039021683965984e-01 8.362917735792462226e-01 8.445944289902600488e-01 8.519767028644232854e-01 8.585719053185916216e-01 8.644888760159361585e-01 8.698172482367168001e-01 8.746314322451617107e-01 8.789936596062168928e-01 8.829563202211090367e-01 8.865637925888290027e-01 8.898538894031097213e-01 8.928589862775639929e-01 8.956069402783095601e-01 8.981218226884200018e-01 9.004245090945204311e-01 9.025331719102767103e-01 9.044636700908589289e-01 9.062298845426376426e-01 9.078439848031298887e-01 9.093166588142670426e-01 9.106573005259295250e-01 9.118741696561327714e-01 9.129745246409102233e-01 9.139647355841121756e-01 9.148503786737564036e-01 9.156363166179963820e-01 9.163267666319508953e-01 9.169253562689073656e-01 9.174351716488271524e-01 9.178587965080213795e-01 9.181983445010774014e-01 9.184554851322757063e-01 9.186314635251552341e-01 9.187271155470554396e-01 9.187428771094248159e-01
8.984996147987568405e-01 8.983206723989705100e-01 8.980413083432420285e-01 8.976600988564067407e-01 8.971751010380026869e-01 8.965838080951707978e-01 8.958829472227263224e-01 8.950679598979375262e-01 8.941337484153197845e-01 8.930788036079009284e-01 8.918999773874776160e-01 8.905804629492192204e-01 8.891171560631557780e-01 8.875078931866315912e-01 8.857305150278662609e-01 8.837872190619395774e-01 8.816519091254493290e-01 8.793214291666203719e-01 8.767699939557895839e-01 8.739857621644012697e-01 8.709408830589078221e-01 8.676155215526091258e-01 8.639764994768763806e-01 8.599934212366512343e-01 8.556261367806674567e-01 8.508295326543685588e-01 8.455514258322538446e-01 8.397285571616444066e-01 8.332873967373678470e-01 8.261398765863915417e-01 8.181797704967556095e-01 8.092792766388945402e-01 7.992826820025957790e-01 7.879985814432659552e-01 7.751900319342744927e-01 7.605615517229332712e-01 7.437407874444776912e-01 7.242546262658314804e-01 7.014966345235859047e-01 6.746832625024870023e-01 6.427955813590219281e-01 6.045042869145397235e-01 5.580806149483747980e-01 5.013131889334245805e-01 4.315029049585760168e-01 3.457542815560027405e-01 2.421474941703291583e-01 1.229876858573471787e-01 0.000000000000000000e+00 7.796035930743683284e-02 1.744540855959532399e-01 2.733486923981033878e-01 3.636595547660139705e-01 4.414057161547579877e-01 5.065165710537127275e-01 5.604977304487455125e-01 6.052303488388870445e-01 6.424716965382053502e-01 6.736993068204444324e-01 7.000995554956604972e-01 7.226063475631913091e-01 7.419501397473731164e-01 7.587027267376577067e-01 7.733138435198663174e-01 7.861396567935287072e-01 7.974644594274726828e-01 8.075170494515353514e-01 8.164830834794165604e-01 8.245144218037989692e-01 8.317362322665116103e-01 8.382524301899860752e-01 8.441498830220984795e-01 8.495016716030596715e-01 8.543696355371388496e-01 8.588064008426961049e-01 8.628569826363827744e-01 8.665600591945779030e-01 8.699490183411602295e-01 8.730527857212343479e-01 8.758965143932122555e-01 8.785021456421264752e-01 8.808888683361800753e-01 8.830735075544696722e-01 8.850708377928087067e-01 8.868938545717671706e-01 8.885539945520386507e-01 8.900613260827167084e-01 8.914247061555410356e-01 8.926519153530779738e-01 8.937497703350099076e-01 8.947242204493167650e-01 8.955804283884980510e-01 8.963228380230104930e-01 8.969552317450331103e-01 8.974807778047576567e-01 8.979020688949903573e-01 8.982211536518641681e-01 8.984395604527535273e-01 8.985583155281271495e-01 8.985779544894584303e-01
8.784186283703087073e-01 8.782059788473930428e-01 8.778739420673286054e-01 8.774208482973671064e-01 8.768444169838246482e-01 8.761416787277961360e-01 8.753086278449443425e-01 8.743397244685142677e-01 8.732301147581659206e-01 8.719793306474901140e-01 8.705786971914739603e-01 8.690099599048479728e-01 8.672772898121067220e-01 8.653656155384601423e-01 8.632601356875042597e-01 8.609560910307032522e-01 8.584269196156777415e-01 8.556682366257599703e-01 8.526494723263529085e-01 8.493576493613339551e-01 8.457613136354973360e-01 8.418355801206869327e-01 8.375458432296398747e-01 8.328539565342735207e-01 8.277173182242996141e-01 8.220832154823063398e-01 8.158934885055822983e-01 8.090778952017931847e-01 8.015540892157273500e-01 7.932251716423636134e-01 7.839751162895396419e-01 7.736650698666014403e-01 7.621278535249478292e-01 7.491601227479790515e-01 7.345136585566304221e-01 7.178834016309397770e-01 6.988914525600077310e-01 6.770669559451668595e-01 6.518203887463109858e-01 6.224097858067827449e-01 5.878989738165268930e-01 5.471073748492318867e-01 4.985540943030348227e-01 4.404085999884743141e-01 3.704895468124358993e-01 2.864707942498418980e-01 1.870154613495945972e-01 7.750076871055439076e-02 0.000000000000000000e+00 6.850844567677466523e-02 1.489524097390534929e-01 2.328718082385141108e-01 3.127826580485101315e-01 3.847992208213474319e-01 4.477105569102371452e-01 5.017891473932363233e-01 5.479629517383530768e-01 5.873488693867781052e-01 6.210270157954957959e-01 6.499506576372711120e-01 6.749241104159297011e-01 6.966107470110673994e-01 7.155518852564105581e-01 7.321876211515686572e-01 7.468759296850966400e-01 7.599088556690000162e-01 7.715257142017415415e-01 7.819236406516711924e-01 7.912659392533616387e-01 7.996886641593715650e-01 8.073058162935602411e-01 8.142134577439534837e-01 8.204929607318589557e-01 8.262135997603730075e-01 8.314346458372988691e-01 8.362070303951307793e-01 8.405747028616227245e-01 8.445757410912551055e-01 8.482432419687261360e-01 8.516060753098366742e-01 8.546894873249371027e-01 8.575156148765087361e-01 8.601039064592234107e-01 8.624714762626622955e-01 8.646334027993782811e-01 8.666029780341166777e-01 8.683919197734084605e-01 8.700105497960842760e-01 8.714679456820770831e-01 8.727720689362234996e-01 8.739298745345562835e-01 8.749474024539962702e-01 8.758298559024642049e-01 8.765816660965823903e-01 8.772065469857608377e-01 8.777075392666284781e-01 8.780870463745522603e-01 8.783468623119141672e-01 8.784881918190208250e-01 8.785116642574382073e-01
8.584554791830762976e-01 8.582102130214034341e-01 8.578271814776001758e-01 8.573044882328212379e-01 8.566395383425903232e-01 8.558289006673999166e-01 8.548677862732686483e-01 8.537499378974898745e-01 8.524716324859473726e-01 8.510319937877457441e-01 8.494153810350739686e-01 8.476083230172901661e-01 8.456161356327170919e-01 8.434124101415630959e-01 8.409941661418961489e-01 8.383414695087217927e-01 8.354384000441499314e-01 8.322679734268203511e-01 8.288062538246836475e-01 8.250301253793529410e-01 8.209121858724535148e-01 8.164186097236572071e-01 8.115160310686728717e-01 8.061598733899962843e-01 8.003041934684596015e-01 7.938926696391259696e-01 7.868608988013897632e-01 7.791346275890895789e-01 7.706255786981373035e-01 7.612310732621291320e-01 7.508299739799251249e-01 7.392778922261097341e-01 7.264030146137742117e-01 7.119999077406380383e-01 6.958209442800656896e-01 6.775667375373924939e-01 6.568742120426305231e-01 6.333011978194884595e-01 6.063080745744322542e-01 5.752363039354859708e-01 5.392829738727568101e-01 4.974720609020584217e-01 4.486197280815433786e-01 3.912775054018438614e-01 3.235758529048035625e-01 2.426239054100934600e-01 1.419428312414461324e-01 0.000000000000000000e+00 0.000000000000000000e+00 4.712091482902853318e-02 1.199751505362336296e-01 1.964032776238951727e-01 2.697998148077892511e-01 3.372976822919281914e-01 3.977369806519645001e-01 4.509850065781595974e-01 4.974830659987082293e-01 5.379334102508959159e-01 5.731088006258678869e-01 6.037514986197394240e-01 6.305282223305755940e-01 6.540163703085088986e-01 6.747059470912609713e-01 6.930083090685544844e-01 7.092670513040614244e-01 7.237687722332545315e-01 7.367527549233301443e-01 7.484192627836903089e-01 7.589364575210697517e-01 7.684460858784462056e-01 7.770681300438924133e-01 7.849045870325217500e-01 7.920425217519150296e-01 7.985565664598951452e-01 8.045109605089750815e-01 8.099611956810581770e-01 8.149553910520331845e-01 8.195354088698069139e-01 8.237377780974424191e-01 8.275944705153380765e-01 8.311335302088329602e-01 8.343796179218068154e-01 8.373544511313599781e-01 8.400771866556648870e-01 8.425647353399032813e-01 8.448320333356620360e-01 8.468922688613721439e-01 8.487570769369325863e-01 8.504367036230214838e-01 8.519401464045740502e-01 8.532752735693879265e-01 8.544489248530007242e-01 8.554669973505458769e-01 8.563345170404008666e-01 8.570556989042560359e-01 8.576339959863437112e-01 8.580721387640878328e-01 8.583721663427241744e-01 8.585354486317724465e-01 8.585627016927546151e-01
8.386283642683401984e-01 8.383517191818643521e-01 8.379195977165728726e-01 8.373298982560019033e-01 8.365797336340347057e-01 8.356651980242051359e-01 8.345807032738172815e-01 8.333197934813613150e-01 8.318804125085836887e-01 8.302587830058187901e-01 8.284338332100212865e-01 8.264012491951768791e-01 8.241585020878902101e-01 8.216773244688468925e-01 8.189603618251857231e-01 8.159757052647881315e-01 8.127181310041671214e-01 8.091570409353040505e-01 8.052769416179349493e-01 8.010447004859151399e-01 7.964360837335621168e-01 7.914121261756923431e-01 7.859373629082502255e-01 7.799656725014617598e-01 7.734461711765000524e-01 7.663214183379710720e-01 7.585228558862856518e-01 7.499731701897837111e-01 7.405818692268121284e-01 7.302435280141540419e-01 7.188353027707282683e-01 7.062128118143565780e-01 6.922061995578127069e-01 6.766153077163726826e-01 6.592029767289973030e-01 6.396881079760317057e-01 6.177373294907206880e-01 5.929552301600338193e-01 5.648742020073945769e-01 5.329442520635565561e-01 4.965244169369000815e-01 4.548780339008213769e-01 4.071751712166165049e-01 3.525057969256958912e-01 2.899124337651801664e-01 2.185061530771078009e-01 1.381320172413266767e-01 5.357174274778715717e-02 0.000000000000000000e+00 0.000000000000000000e+00 8.742385238441949258e-02 1.629661318549086857e-01 2.327153860907629213e-01 2.968544139035943497e-01 3.549543384200398166e-01 4.069304586026576409e-01 4.530504928585076252e-01 4.937924786424630619e-01 5.297228275990614188e-01 5.614178370975695387e-01 5.894204070888680036e-01 6.142200401561481726e-01 6.362466816101739475e-01 6.558720588124862250e-01 6.734146212939500220e-01 6.891458420996842138e-01 7.032966785250693853e-01 7.160635995909583329e-01 7.276139316426493142e-01 7.380904719064468322e-01 7.476154108550946420e-01 7.562936119456024064e-01 7.642153398358324523e-01 7.714585542543329622e-01 7.780907988671503794e-01 7.841707665308267350e-01 7.897496242422575863e-01 7.948720913717155501e-01 7.995773625415214525e-01 8.038998693138722507e-01 8.078699216054301413e-01 8.115142538962165641e-01 8.148564770389866707e-01 8.179174713106606154e-01 8.207157113580956231e-01 8.232675488496578042e-01 8.255874488963690361e-01 8.276881947789844762e-01 8.295810609205404029e-01 8.312759615260557622e-01 8.327815769735259499e-01 8.341054614629530573e-01 8.352541339413545041e-01 8.362331554341854156e-01 8.370471927120396449e-01 8.377000715216051940e-01 8.381948187568001307e-01 8.385336957938229752e-01 8.387182229018202984e-01 8.387491951580035021e-01
8.189548293261325052e-01 8.186481761484460939e-01 8.181690746250102064e-01 8.175152404141285967e-01 8.166835123511194672e-01 8.156694841097404947e-01 8.144668401358858834e-01 8.130696507753232272e-01 8.114772724175168817e-01 8.096804927815077768e-01 8.076573539616996866e-01 8.054120559244827282e-01 8.029284556973392828e-01 8.001872085617722785e-01 7.971846674648433995e-01 7.938889800928753404e-01 7.902952107632147394e-01 7.863689318945217277e-01 7.820949646634377528e-01 7.774384414743586991e-01 7.723717927586395415e-01 7.668574522988497177e-01 7.608544995775956554e-01 7.543180804853035770e-01 7.471937677157239888e-01 7.394226719316542296e-01 7.309354929159248560e-01 7.216528622711417817e-01 7.114845785738241890e-01 7.003255183703265274e-01 6.880543933245256705e-01 6.745312946771946372e-01 6.595934307418103160e-01 6.430517524648540206e-01 6.246871432935330315e-01 6.042451520779803520e-01 5.814314896140881928e-01 5.559079540965853328e-01 5.272890421597743460e-01 4.951419302305217762e-01 4.589922651250079033e-01 4.183403570002187655e-01 3.726970528575215824e-01 3.216580270951107656e-01 2.650619008804716570e-01 2.033562536856115821e-01 1.385073665859676839e-01 7.615496122855097694e-02 2.862966548316829909e-02 0.000000000000000000e+00 6.675395022039527781e-02 1.353217848867004636e-01 2.012409058567937170e-01 2.624499286701336143e-01 3.182951458149590462e-01 3.687316071426816055e-01 4.139955416416950529e-01 4.544627228063427005e-01 4.905717049836903487e-01 5.227761028484729788e-01 5.515149952350658635e-01 5.771961485044956319e-01 6.001881100463108965e-01 6.208180367500930608e-01 6.393729299339939720e-01 6.561026786814582179e-01 6.712238894497054575e-01 6.849238868372716782e-01 6.973645460951872765e-01 7.086858030205819281e-01 7.190087722543698767e-01 7.284384422647546264e-01 7.370660017365684435e-01 7.449708437163139463e-01 7.522222398525619802e-01 7.588807770923811091e-01 7.649995749358426966e-01 7.706252988093601486e-01 7.757990430255822245e-01 7.805570553786562726e-01 7.849313708493870223e-01 7.889503386586822486e-01 7.926390768295298317e-01 7.960198590569740329e-01 7.991124445836135237e-01 8.019343615231230293e-01 8.045011487289789320e-01 8.068265639618865670e-01 8.089227617658354408e-01 8.108004465341824840e-01 8.124690031254271361e-01 8.139366088715335179e-01 8.152103278366084060e-01 8.162961918037253684e-01 8.171992667074907679e-01 8.179237082984098794e-01 8.184728068146344127e-01 8.188490214875001616e-01 8.190540067058368345e-01 8.190886285070078099e-01
7.994516978325171275e-01 7.991165252552456799e-01 7.985927351107068306e-01 7.978778831136048577e-01 7.969685454138388803e-01 7.958597857722178315e-01 7.945447749335459164e-01 7.930188663864743415e-01 7.912815727769393348e-01 7.893170199762893358e-01 7.871081406478956932e-01 7.846616998605148163e-01 7.819495728811518553e-01 7.789657652150530076e-01 7.756921991861593924e-01 7.721078400820523546e-01 7.681972394915734803e-01 7.639328229913681101e-01 7.592913526728533036e-01 7.542432552028908166e-01 7.487541660534291488e-01 7.427899095678038854e-01 7.363056787943114134e-01 7.292565792509452249e-01 7.215881087469014910e-01 7.132394039534897257e-01 7.041424383460356262e-01 6.942181654347037156e-01 6.833775159252513109e-01 6.715187312054730073e-01 6.585252259494812632e-01 6.442641758822923448e-01 6.285838366193365889e-01 6.113108979475563309e-01 5.922484108056060848e-01 5.711734168921368537e-01 5.478353148333412470e-01 5.219558658106144833e-01 4.932318181010512115e-01 4.613419837222203501e-01 4.259622492150931250e-01 3.867939563446854967e-01 3.436145457466738828e-01 2.963673119514691479e-01 2.453208734111534950e-01 1.913495793914966048e-01 1.363862394979794002e-01 8.391108749209531814e-02 3.836371654158705902e-02 0.000000000000000000e+00 4.426999316704213761e-02 1.103259162018293549e-01 1.744762325075462084e-01 2.334089070384409437e-01 2.870443224867511578e-01 3.357048594980198142e-01 3.797368891821480963e-01 4.194906820386577473e-01 4.553246560441979174e-01 4.875993392306545715e-01 5.166667638556068365e-01 5.428608657586613262e-01 5.664909679737615278e-01 5.878384240612466449e-01 6.071557441282560141e-01 6.246674035897257227e-01 6.405716547290513097e-01 6.550428396112936147e-01 6.682338775859218982e-01 6.802787349406949069e-01 6.912947409668875887e-01 7.013846794551583663e-01 7.106386783612085312e-01 7.191358721971586876e-01 7.269458295944077886e-01 7.341298206619472078e-01 7.407418887482539738e-01 7.468297797439720220e-01 7.524357485173255311e-01 7.575972356215092685e-01 7.623474679335555670e-01 7.667159567781288709e-01 7.707289406355595229e-01 7.744097562123548606e-01 7.777791645072031912e-01 7.808556276452637279e-01 7.836555503459734506e-01 7.861934866196992333e-01 7.884823183223979015e-01 7.905334092238561761e-01 7.923567371147232086e-01 7.939610072582952149e-01 7.953537488748171347e-01 7.965413971833712470e-01 7.975293621144118328e-01 7.983220847655838615e-01 7.989230837752688830e-01 7.993349907077337280e-01 7.995595768591119423e-01 7.995977706934348506e-01
7.801350080863043157e-01 7.797729065299697782e-01 7.792068761047212799e-01 7.784343342587848324e-01 7.774515964084054431e-01 7.762531828717623705e-01 7.748321361494041604e-01 7.731856104592569334e-01 7.713112226306486630e-01 7.691875236932004256e-01 7.668065714205847261e-01 7.641694061985160324e-01 7.612442863471252652e-01 7.580337744699952029e-01 7.545070057936797969e-01 7.506551315968295057e-01 7.464501309477278301e-01 7.418737253856133584e-01 7.368941300295895891e-01 7.314865935518054529e-01 7.256131118981118400e-01 7.192396779365108905e-01 7.123221851621005518e-01 7.048135974620169941e-01 6.966614213784283471e-01 6.878043874407108182e-01 6.781757899099112308e-01 6.676992684311572335e-01 6.562881933536411916e-01 6.438460117595481425e-01 6.302631180505848807e-01 6.154160059711677455e-01 5.991663659628745364e-01 5.813591741321533224e-01 5.618218935564794903e-01 5.403644998106348352e-01 5.167801472877164848e-01 4.908481463629412178e-01 4.623402274275583701e-01 4.310317199671431787e-01 3.967206311261641249e-01 3.592585892675278503e-01 3.185997798434252459e-01 2.748757239122380236e-01 2.285046730711767504e-01 1.803349535174681995e-01 1.317769351169866265e-01 8.473945538586460935e-02 4.091415584983026238e-02 0.000000000000000000e+00 0.000000000000000000e+00 8.723539646773915968e-02 1.529288777924960041e-01 2.096647763808758003e-01 2.607679713115340636e-01 3.073061790702072971e-01 3.497560013550418678e-01 3.884379548236022162e-01 4.236363598958797771e-01 4.556292679647427346e-01 4.846912665634478534e-01 5.110889743068294244e-01 5.350758434638317462e-01 5.568882986868333163e-01 5.767435534139884190e-01 5.948388596726026378e-01 6.113517974495339402e-01 6.264412335840043866e-01 6.402486726728355837e-01 6.528997999954313514e-01 6.645060496576040698e-01 6.751661209122716834e-01 6.849674264495528853e-01 6.939873951880562997e-01 7.022946444907962604e-01 7.099500458016626547e-01 7.170076360131660831e-01 7.235154434169704940e-01 7.295161944339929594e-01 7.350479346854946749e-01 7.401445736541765186e-01 7.448363501350780957e-01 7.491502464199956135e-01 7.531103396774547765e-01 7.567381134517663366e-01 7.600527239788513745e-01 7.630712344009279446e-01 7.658088163121753444e-01 7.682789250136928816e-01 7.704934513576636723e-01 7.724628528211845424e-01 7.741962658463337199e-01 7.757016029253102074e-01 7.769856340294447605e-01 7.780540562113774650e-01 7.789115501841643585e-01 7.795618269799500233e-01 7.800076641253563814e-01 7.802509322424376892e-01 7.802926131832006451e-01
7.610199585574628500e-01 7.606326035865929036e-01 7.600269126050984703e-01 7.592001840710419502e-01 7.581484645229070729e-01 7.568657612575397930e-01 7.553455258567729480e-01 7.535867106167163376e-01 7.515828261838046753e-01 7.493103111724888077e-01 7.467707654797496319e-01 7.439533538726613715e-01 7.408328671872196347e-01 7.374100581200075943e-01 7.336509397868324900e-01 7.295510358994151678e-01 7.250769364320056587e-01 7.202135919095380423e-01 7.149272183586041773e-01 7.091923723059546658e-01 7.029730434996591670e-01 6.962321077951014736e-01 6.889287301017219534e-01 6.810143381080466796e-01 6.724379985029548257e-01 6.631406685827774261e-01 6.530567557941774348e-01 6.421137894809489932e-01 6.302296846103937478e-01 6.173135783604613014e-01 6.032645240767765538e-01 5.879699995655549571e-01 5.713060935249569816e-01 5.531370551737082586e-01 5.333151657143301305e-01 5.116822577071628020e-01 4.880723281005694414e-01 4.623160953196359113e-01 4.342490079810653048e-01 4.037238909297908851e-01 3.706298037704932602e-01 3.349198668791780742e-01 2.966501832919058446e-01 2.560310814305365446e-01 2.134871051118030494e-01 1.697086193701164147e-01 1.256471119283130988e-01 8.235567982437960732e-02 4.055350769095115299e-02 0.000000000000000000e+00 3.108162798817888997e-02 8.568643831522045062e-02 1.403387472234047806e-01 1.915529612786581459e-01 2.390561806439893688e-01 2.829954178484461180e-01 3.235424819931901896e-01 3.608682471319815122e-01 3.951530045880201070e-01 4.265895221743567500e-01 4.553794497738970493e-01 4.817272875817179001e-01 5.058344771313280086e-01 5.278946971910558617e-01 5.480906176085439396e-01 5.665919790326374716e-01 5.835547236692297801e-01 5.991208901719040636e-01 6.134190375751518154e-01 6.265649964833307495e-01 6.386627768366672786e-01 6.498055649215113139e-01 6.600767467398518384e-01 6.695508644070102822e-01 6.782945370160397003e-01 6.863673069419896633e-01 6.938223926628191984e-01 7.007073912201102761e-01 7.070648792423183115e-01 7.129329670449728873e-01 7.183457752104182026e-01 7.233338620331761781e-01 7.279245971860779374e-01 7.321424900022569515e-01 7.360094778837852347e-01 7.395451785597438876e-01 7.427671113769218625e-01 7.456908902005611184e-01 7.483303920712640611e-01 7.506979038606266252e-01 7.528042499088525297e-01 7.546589014962191699e-01 7.562700721299600026e-01 7.576447977642482012e-01 7.587890051869977670e-01 7.597075685278150692e-01 7.604043549670932434e-01 7.608822611230717792e-01 7.611432393090796777e-01 7.611883155329254302e-01
7.421208617636030347e-01 7.417099973927532286e-01 7.410673311011188868e-01 7.401900579074419673e-01 7.390739397192507276e-01 7.377125758843908754e-01 7.361004322519287824e-01 7.342375649997980869e-01 7.321118772572251521e-01 7.297024812193014798e-01 7.270166205574812857e-01 7.240309151266920429e-01 7.207327873691659059e-01 7.171122638282084738e-01 7.131426900286871318e-01 7.088140231300140703e-01 7.040969569241147807e-01 6.989720455184053050e-01 6.934100948154403588e-01 6.873810788761922641e-01 6.808533743505810198e-01 6.737873765373885160e-01 6.661443073760793254e-01 6.578769450126319418e-01 6.489348567583859140e-01 6.392625110534989608e-01 6.287965883659888400e-01 6.174686287125228379e-01 6.052024889491142146e-01 5.919138120928604252e-01 5.775108049323032233e-01 5.618928092112303041e-01 5.449506655054848769e-01 5.265673733478133389e-01 5.066190323251960059e-01 4.849767733047635199e-01 4.615105467801322581e-01 4.360946023516809600e-01 4.086156363124953672e-01 3.789848551387701159e-01 3.471546746953879103e-01 3.131407780030739385e-01 2.770499249478745596e-01 2.391112570182596930e-01 1.997040202598474590e-01 1.593653056596639750e-01 1.187472359056108567e-01 7.848268864548754720e-02 3.894426128665261916e-02 0.000000000000000000e+00 3.863977088074882493e-02 8.408963977180804183e-02 1.311863352959675710e-01 1.771517300111744853e-01 2.209079281849473109e-01 2.620763515902995722e-01 3.005497483162865580e-01 3.363390003663221384e-01 3.695173117556186382e-01 4.001957600791673508e-01 4.285090894475378498e-01 4.546055918713174382e-01 4.786394020666555615e-01 5.007646981550610832e-01 5.211315275647681045e-01 5.398829876946297235e-01 5.571534828809061590e-01 5.730678049517583528e-01 5.877408257170735340e-01 6.012775976674729073e-01 6.137737083269708682e-01 6.253158268875825820e-01 6.359823363891554671e-01 6.458439789105766549e-01 6.549645339185617976e-01 6.634014476507502645e-01 6.712064354873162886e-01 6.784260465800000528e-01 6.851021645473582833e-01 6.912724808175373381e-01 6.969709027634644061e-01 7.022279338971684215e-01 7.070710028767048794e-01 7.115247627927431262e-01 7.156113523780984753e-01 7.193506297445665387e-01 7.227603773223962857e-01 7.258564827147564458e-01 7.286530979471484981e-01 7.311627785860780326e-01 7.333966055528883254e-01 7.353642905187649514e-01 7.370742671166879978e-01 7.385337693130804571e-01 7.397488970314948231e-01 7.407246717915523249e-01 7.414650810366317790e-01 7.419731136739293742e-01 7.422507860838417626e-01 7.422991593736217864e-01
7.234511068214117824e-01 7.230185289073864929e-01 7.223416523816659218e-01 7.214175792138692866e-01 7.202417700635536102e-01 7.188076198683647222e-01 7.171111406983833314e-01 7.151521459696664751e-01 7.129128906045346659e-01 7.103794960181772922e-01 7.075582330476996029e-01 7.044183324392762069e-01 7.009588216924759196e-01 6.971568935581101689e-01 6.929976952309572225e-01 6.884609344875154413e-01 6.835258764159002354e-01 6.781661675888031038e-01 6.723584151214588855e-01 6.660692681069001475e-01 6.592694215787427980e-01 6.519202913188260062e-01 6.439828042534484487e-01 6.354132592864204510e-01 6.261620387618737071e-01 6.161766558694503626e-01 6.053979323445204397e-01 5.937613050021660621e-01 5.811969269011868500e-01 5.676279755003843519e-01 5.529716393190722279e-01 5.371392097907241592e-01 5.200359296240161244e-01 5.015624467999939551e-01 4.816164157125073508e-01 4.600948909216440730e-01 4.368982560496341705e-01 4.119358892769778846e-01 3.851338201949625617e-01 3.564450681797547982e-01 3.258631317412583051e-01 2.934385151942838221e-01 2.592973988361208515e-01 2.236599614488341270e-01 1.868523871965981076e-01 1.493013468988826364e-01 1.114938663471442271e-01 7.388363019529534115e-02 3.674092159510582156e-02 0.000000000000000000e+00 3.938753451217240353e-02 8.084567910446435746e-02 1.231648464907997148e-01 1.649592773452088212e-01 2.053469932802731435e-01 2.438518167002637904e-01 2.802406273108430379e-01 3.144201288167495223e-01 3.463808875606544380e-01 3.761664960609185093e-01 4.038549084870939332e-01 4.295459137394783689e-01 4.533521414246886594e-01 4.753924458946795495e-01 4.957870720099156192e-01 5.146542113542640351e-01 5.321076453037877352e-01 5.482552376066934796e-01 5.631980754631230601e-01 5.770300599985960233e-01 5.898378210968470148e-01 6.017008861210131343e-01 6.126919706296275470e-01 6.228773577732651390e-01 6.323173464378947228e-01 6.410666845866367369e-01 6.491750277948653558e-01 6.566873649034608018e-01 6.636444255057235564e-01 6.700830630250365072e-01 6.760365993866656042e-01 6.815351487724947699e-01 6.866059031319883266e-01 6.912733958394277067e-01 6.955597345875729198e-01 6.994848121723488132e-01 7.030664931288787001e-01 7.063207798653474701e-01 7.092619600067725516e-01 7.119027363008582077e-01 7.142543405233833242e-01 7.163266334824361925e-01 7.181281909100117877e-01 7.196663785280792425e-01 7.209474145087954033e-01 7.219764227616092267e-01 7.227574758577266500e-01 7.232936288519703494e-01 7.235869447338563187e-01 7.236385109407118543e-01
7.050231306763742323e-01 7.045706705760494959e-01 7.038624035636485976e-01 7.028953425608904793e-01 7.016646404532373982e-01 7.001637958923639937e-01 6.983906593236918203e-01 6.963430846601355029e-01 6.939993974933742482e-01 6.913548856507701901e-01 6.884084079277269508e-01 6.851301079309582986e-01 6.815236847929760922e-01 6.775587048426955361e-01 6.732288222723324944e-01 6.685063593277701388e-01 6.633765919582900183e-01 6.578098591134041717e-01 6.517848611397308867e-01 6.452692836962030665e-01 6.382328938521951711e-01 6.306407712831768597e-01 6.224532056204302721e-01 6.136297375445110003e-01 6.041231900360788387e-01 5.938834273354363091e-01 5.828562096602700748e-01 5.709814441780678429e-01 5.581952899376267929e-01 5.444288191087472972e-01 5.296082373601767035e-01 5.136559573503808318e-01 4.964908929208171062e-01 4.780297158578283301e-01 4.581889668164002560e-01 4.368877593311112917e-01 4.140513999974952952e-01 3.896166648430169910e-01 3.635384761879807969e-01 3.357982596629925376e-01 3.064141405088897097e-01 2.754526605337913603e-01 2.430410987000060363e-01 2.093787517974316781e-01 1.747442125418310621e-01 1.394938356633896870e-01 1.040432824985846882e-01 6.881710171276272936e-02 3.413587456337380949e-02 0.000000000000000000e+00 3.806440630756550980e-02 7.674035955007268983e-02 1.156677095544795808e-01 1.541731100746757677e-01 1.916684813874478532e-01 2.277427896255960760e-01 2.621402757685609153e-01 2.947194245176927296e-01 3.254190034128514042e-01 3.542337875031579819e-01 3.811974675134977564e-01 4.063703207141953211e-01 4.298300872729559075e-01 4.516651351548124915e-01 4.719693511875685532e-01 4.908383710316805981e-01 5.083668591855029506e-01 5.246466233287470082e-01 5.397653700064115601e-01 5.538059210929835441e-01 5.668457994504757513e-01 5.789570909771208918e-01 5.902064563839237721e-01 6.006552901927930677e-01 6.103599580488263676e-01 6.193720648873549672e-01 6.277387738756355917e-01 6.355031061990056296e-01 6.427042584467834718e-01 6.493778957765361515e-01 6.555564363433089570e-01 6.612693147135971783e-01 6.665432255196560574e-01 6.714023476574862981e-01 6.758685481850983390e-01 6.799615674149724898e-01 6.836991856543652712e-01 6.870973729253214701e-01 6.901704225092151201e-01 6.929310702463060689e-01 6.953905992162089378e-01 6.975589326807631885e-01 6.994447143108101228e-01 7.010553781808500640e-01 7.023972080527703943e-01 7.034753871084298282e-01 7.042940390561736042e-01 7.048562599987510113e-01 7.051641426156972647e-01 7.052187921304926554e-01
6.868483978055551775e-01 6.863779065689397108e-01 6.856410991218752082e-01 6.846348965377354601e-01 6.833541613937724746e-01 6.817928884883306395e-01 6.799506762456719589e-01 6.778217983345272701e-01 6.753838044841024013e-01 6.726402103959854273e-01 6.695789678623773611e-01 6.661785215686971684e-01 6.624386962150485836e-01 6.583300538593904738e-01 6.538471594264370079e-01 6.489620286883965861e-01 6.436599370301502310e-01 6.379135673614368951e-01 6.316995103498876940e-01 6.249896302913584556e-01 6.177518684724701004e-01 6.099547241888161331e-01 6.015597616888026522e-01 5.925281597802050104e-01 5.828165953589645731e-01 5.723774880722227731e-01 5.611609962519097383e-01 5.491124169983971903e-01 5.361735572228438773e-01 5.222830596016660998e-01 5.073760421410516974e-01 4.913851022635657984e-01 4.742414891194318693e-01 4.558761142210482342e-01 4.362216831308879939e-01 4.152154475878792605e-01 3.928026090469040610e-01 3.689406557238217310e-01 3.436049659803832035e-01 3.167951727224520009e-01 2.885423598205288931e-01 2.589167855776304261e-01 2.280355230806234146e-01 1.960696812238724718e-01 1.632518583675010015e-01 1.298865226191111277e-01 9.636836629024521372e-02 6.320568111630578412e-02 3.098555823071017998e-02 0.000000000000000000e+00 3.612944139538097621e-02 7.238330100788675781e-02 1.085921342211938756e-01 1.443965405136609093e-01 1.794105566094656157e-01 2.133100663651840145e-01 2.458577061654254048e-01 2.768977013073312121e-01 3.063412934244632013e-01 3.341515318628217046e-01 3.603301738469912308e-01 3.849071081341985945e-01 4.079320205766166496e-01 4.294679042023030746e-01 4.495860572650454690e-01 4.683622731883700374e-01 4.858739890579191201e-01 5.021982103607760539e-01 5.174100321553046777e-01 5.315816102760049233e-01 5.447815169941079283e-01 5.570743651736016488e-01 5.685206091442599474e-01 5.791765230143202103e-01 5.890942570386953347e-01 5.983219712167181514e-01 6.069040212747702778e-01 6.148811534790197264e-01 6.222907322020454490e-01 6.291669528794248123e-01 6.355410657395869078e-01 6.414415817484923066e-01 6.468944740749728028e-01 6.519233631260306083e-01 6.565496902722230965e-01 6.607928766312763935e-01 6.646704685461831685e-01 6.681982698088496653e-01 6.713904604636279361e-01 6.742597041162635696e-01 6.768172428579777300e-01 6.790729816185598899e-01 6.810355623991940499e-01 6.827124281492394919e-01 6.841098782796773969e-01 6.852331145682470925e-01 6.860862795315457729e-01 6.866724864364120995e-01 6.869938416504507428e-01 6.870514599079476925e-01
6.689373880474407397e-01 6.684507214203171399e-01 6.676882306166750380e-01 6.666467361004854153e-01 6.653208660844107669e-01 6.637055386737839013e-01 6.618015598094291185e-01 6.595986101578705796e-01 6.570771811037695587e-01 6.542452713817780152e-01 6.510807362739265969e-01 6.475735484916064211e-01 6.437140694661793727e-01 6.394806724321395741e-01 6.348623717277418477e-01 6.298367621250694492e-01 6.243848305419170686e-01 6.184846516243704961e-01 6.121096983372542599e-01 6.052357097473286540e-01 5.978307455811358029e-01 5.898647148638879179e-01 5.813024875069432440e-01 5.721061289250535253e-01 5.622362274723937681e-01 5.516486389822502501e-01 5.402972085074591035e-01 5.281328398504102628e-01 5.151030309327637724e-01 5.011533007417926511e-01 4.862271317442427576e-01 4.702665247699783224e-01 4.532134371733391731e-01 4.350111220896851760e-01 4.156058363054601079e-01 3.949494737068012240e-01 3.730026168490099270e-01 3.497381263051097533e-01 3.251453702759497522e-01 2.992349336015125982e-01 2.720431957436013626e-01 2.436364988276859267e-01 2.141144555332478161e-01 1.836125607931493320e-01 1.523070061085623483e-01 1.204320497002406148e-01 8.833803078451225865e-02 5.665176889830623314e-02 2.660076522141615121e-02 0.000000000000000000e+00 3.406976426585812262e-02 6.807092357543390038e-02 1.019205905318624344e-01 1.354099203886862390e-01 1.682666556487056320e-01 2.002286904176613369e-01 2.310822202156346816e-01 2.606717841579318518e-01 2.888963060728061416e-01 3.157002091874924754e-01 3.410638944173556841e-01 3.649951970691291958e-01 3.875222390090007352e-01 4.086876405895673581e-01 4.285439177026489910e-01 4.471498692861051172e-01 4.645677903733889669e-01 4.808613662725663151e-01 4.960940912181694973e-01 5.103281101971481881e-01 5.236234288707863893e-01 5.360373667806368481e-01 5.476242116156198048e-01 5.584350504906929746e-01 5.685176842918301388e-01 5.779166506342597875e-01 5.866732911333705225e-01 5.948258610099614874e-01 6.024096694920835215e-01 6.094572258286777844e-01 6.159984015055628426e-01 6.220605855047798283e-01 6.276688425625609469e-01 6.328460618009721372e-01 6.376130995158058035e-01 6.419889122480565424e-01 6.459906804205656217e-01 6.496339222985014761e-01 6.529325978803669495e-01 6.558992031213030094e-01 6.585448548102452726e-01 6.608793656164072550e-01 6.629113114786365779e-01 6.646480893151672786e-01 6.660959676408771957e-01 6.672601288587513002e-01 6.681447041372636786e-01 6.687528014052463998e-01 6.690865258035814112e-01 6.691469937792853262e-01
6.512995921705285740e-01 6.507985965670329831e-01 6.500132646621045174e-01 6.489403037802204954e-01 6.475742139857377788e-01 6.459112250739893479e-01 6.439524027509547777e-01 6.416828193935024682e-01 6.390890725019863217e-01 6.361784487912460762e-01 6.329232720777794308e-01 6.293231671769240476e-01 6.253587599960145349e-01 6.210179699980417078e-01 6.162825407466407945e-01 6.111369487295895686e-01 6.055580005753828932e-01 5.995280546304889713e-01 5.930198325498099443e-01 5.860104021548802056e-01 5.784705595901111774e-01 5.703702213337656923e-01 5.616779485904445091e-01 5.523575328097427573e-01 5.423725044589421396e-01 5.316828465883931543e-01 5.202460076508512721e-01 5.080178798245265082e-01 4.949518169882071161e-01 4.809995637455429796e-01 4.661120866094305426e-01 4.502399061016399973e-01 4.333342523011403657e-01 4.153486911110977342e-01 3.962406735429243598e-01 3.759736897839860981e-01 3.545200071166440536e-01 3.318635862290563177e-01 3.080032486001119674e-01 2.829558458943884913e-01 2.567588504388050863e-01 2.294714509870370844e-01 2.011731844322894591e-01 1.719590651569428419e-01 1.419315560637460227e-01 1.111966695612838507e-01 7.989999667914160497e-02 4.846268338261598696e-02 1.876583054495532810e-02 0.000000000000000000e+00 3.207839156577089318e-02 6.390968904209523571e-02 9.560898732795063137e-02 1.270554524579679545e-01 1.580169682946421517e-01 1.882552894746534755e-01 2.175701298042980181e-01 2.458103026048860940e-01 2.728712985207178421e-01 2.986884340251632075e-01 3.232292959880385119e-01 3.464868158384201702e-01 3.684733427093244695e-01 3.892157272030988269e-01 4.087513084837722799e-01 4.271246765773424880e-01 4.443851029634171002e-01 4.605845294150643365e-01 4.757759936556487101e-01 4.900124380246864697e-01 5.033458419022789343e-01 5.158265684326515110e-01 5.275029253116381156e-01 5.384208799065635098e-01 5.486238727963979045e-01 5.581527470890191855e-01 5.670457195870139966e-01 5.753384187199610533e-01 5.830639467388663011e-01 5.902529695436748991e-01 5.969338203160506895e-01 6.031326107179826312e-01 6.088733468681760685e-01 6.141780444450044563e-01 6.190668412698292489e-01 6.235581054982319849e-01 6.276685378425794770e-01 6.314132670355384613e-01 6.348059388313584961e-01 6.378587968372149142e-01 6.405827568212455470e-01 6.429874726006664654e-01 6.450813955759325813e-01 6.468718265504315168e-01 6.483649606424962686e-01 6.495659258444556050e-01 6.504788142993318534e-01 6.511067077508139178e-01 6.514516962904706165e-01 6.515148909468866378e-01
6.339435147437416651e-01 6.334300142561425373e-01 6.326246485418287602e-01 6.315239989693959277e-01 6.301225993551115012e-01 6.284182569686415087e-01 6.264110999027499016e-01 6.240827043756433934e-01 6.214274172699305598e-01 6.184470111662696556e-01 6.151145541980753695e-01 6.114338374081691452e-01 6.073801022094912350e-01 6.029475923692801942e-01 5.981138058812267566e-01 5.928671596482602002e-01 5.871837387827010257e-01 5.810468007563833748e-01 5.744315401890061068e-01 5.673142734077778471e-01 5.596695770736477282e-01 5.514677580095481702e-01 5.426799793464198718e-01 5.332731083089778945e-01 5.232128393862680582e-01 5.124632180612629373e-01 5.009856393384983786e-01 4.887402768147635079e-01 4.756860580108679959e-01 4.617805728696551260e-01 4.469812952115441163e-01 4.312462051202533564e-01 4.145345532037631453e-01 3.968083693163734216e-01 3.780340894349522585e-01 3.581842740006469517e-01 3.372398774018630641e-01 3.151927314568063188e-01 2.920479655513564810e-01 2.678261880161563746e-01 2.425647953186847727e-01 2.163171677095149792e-01 1.891476977770433221e-01 1.611189439623332553e-01 1.322634881636223225e-01 1.025231126209613375e-01 7.160267650060100908e-02 3.853324248591202816e-02 0.000000000000000000e+00 0.000000000000000000e+00 3.033381045303442172e-02 5.988010492190890682e-02 8.954981898321791312e-02 1.191854871779655239e-01 1.484899848672496248e-01 1.772048374903767431e-01 2.051321345105148186e-01 2.321273863086956157e-01 2.580895040641683069e-01 2.829522530529677837e-01 3.066773300151395265e-01 3.292486891583245590e-01 3.506678259319915836e-01 3.709498336457640044e-01 3.901201057686243812e-01 4.082115956142746138e-01 4.252625728227599766e-01 4.413147978963298801e-01 4.564120399188952848e-01 4.705989237482129939e-01 4.839200381452399280e-01 4.964192344662172740e-01 5.081391328201725344e-01 5.191207526047584286e-01 5.294032605897687205e-01 5.390238207390195546e-01 5.480174954717462743e-01 5.564172201593378109e-01 5.642538018400977684e-01 5.715559591542844764e-01 5.783503750322532833e-01 5.846617683068549010e-01 5.905129712793517616e-01 5.959250134682878564e-01 6.009172061903051976e-01 6.055072268098602439e-01 6.097112005495994858e-01 6.135437780743395741e-01 6.170182095151186541e-01 6.201464124415823065e-01 6.229390350143197974e-01 6.254055131189691918e-01 6.275541215900896086e-01 6.293920200253092512e-01 6.309252920135987042e-01 6.321589793705953975e-01 6.330971101041589222e-01 6.337427208659557332e-01 6.340978740003125891e-01 6.341636686814620116e-01
6.168766837687336135e-01 6.163524682850745062e-01 6.155298228240813074e-01 6.144051943448258779e-01 6.129733638895142889e-01 6.112337841477093470e-01 6.091844411136557724e-01 6.068054695867403092e-01 6.040986017772622674e-01 6.010572832774583318e-01 5.976608049007934298e-01 5.939108885133507210e-01 5.897835427626993976e-01 5.852738813423550290e-01 5.803601812034976382e-01 5.750305149804468829e-01 5.692639933177157108e-01 5.630421318523268770e-01 5.563441413948579939e-01 5.491455823262822999e-01 5.414238685896614056e-01 5.331511818023364491e-01 5.243001062474819118e-01 5.148411010201436877e-01 5.047421501221984741e-01 4.939707047458903877e-01 4.824923015170292651e-01 4.702711059188554032e-01 4.572708948770052295e-01 4.434547693992136885e-01 4.287858993913113426e-01 4.132285875078143822e-01 3.967488968903585267e-01 3.793157900666156990e-01 3.609027036088257590e-01 3.414890948203107013e-01 3.210622216085157188e-01 2.996192767879451990e-01 2.771694903137061905e-01 2.537359703257920929e-01 2.293568537614271430e-01 2.040846467042595203e-01 1.779814335606202114e-01 1.511054972151399112e-01 1.234803607931323072e-01 9.502966321113048842e-02 6.545443625028590784e-02 3.406774645454644507e-02 0.000000000000000000e+00 7.344145298411619907e-03 2.937643711547626921e-02 5.572675513011959153e-02 8.352430214896212901e-02 1.116462475825195366e-01 1.395521529283511586e-01 1.669414035553709597e-01 1.936256072507982484e-01 2.194769893445120967e-01 2.444064276617073928e-01 2.683530596539897006e-01 2.912783660183227985e-01 3.131620403866964275e-01 3.339986694363337172e-01 3.537948844167564388e-01 3.725668686492590864e-01 3.903381897401491107e-01 4.071379455285800697e-01 4.229991814539025841e-01 4.379575590295325949e-01 4.520502871261666833e-01 4.653152458980900352e-01 4.777902843809199718e-01 4.895126979586580940e-01 5.005188071175659115e-01 5.108436646917844381e-01 5.205208420186289153e-01 5.295822832005735448e-01 5.380582234927715479e-01 5.459771407832325618e-01 5.533657498272168684e-01 5.602490139124755020e-01 5.666501800315016935e-01 5.725908235688053072e-01 5.780909029114571496e-01 5.831688188048247401e-01 5.878414761362553698e-01 5.921243464342449414e-01 5.960315288779520770e-01 5.995758094301650853e-01 6.027687167894073550e-01 6.056205743139777553e-01 6.081405484909695458e-01 6.103366921863678796e-01 6.122159839635845646e-01 6.137843621180558706e-01 6.150467541035735675e-01 6.160071012850398819e-01 6.166683783922244366e-01 6.170326085881597811e-01 6.171008733842080485e-01
6.001056664425794551e-01 5.995724809718807613e-01 5.987352403179319049e-01 5.975902583908427879e-01 5.961328133963559317e-01 5.943638261842516535e-01 5.922781992079491076e-01 5.898571697446626239e-01 5.871076269756891897e-01 5.840146470005782575e-01 5.805665366641301617e-01 5.767586720920758747e-01 5.725726486254083536e-01 5.680000420567171693e-01 5.630237038175551767e-01 5.576287164224880133e-01 5.517987665426584698e-01 5.455134386696205429e-01 5.387551674729647022e-01 5.315003758368972431e-01 5.237276537207848914e-01 5.154122008210826333e-01 5.065277772670088163e-01 4.970478695706606609e-01 4.869433958607137791e-01 4.761845937295611786e-01 4.647408893985737754e-01 4.525804293319884430e-01 4.396711383453437150e-01 4.259810565147962858e-01 4.114784638858875465e-01 3.961329414424801243e-01 3.799161833399541388e-01 3.628027825718144195e-01 3.447715290655050113e-01 3.258068616849019161e-01 3.059003434026170698e-01 2.850524385070470901e-01 2.632745639646927316e-01 2.405911797639737060e-01 2.170418780921264390e-01 1.926830497832240086e-01 1.675878463140284269e-01 1.418412312362943850e-01 1.155228073807789829e-01 8.866079643461055593e-02 6.111774284430904203e-02 3.228342555613224196e-02 0.000000000000000000e+00 0.000000000000000000e+00 2.410078378465158738e-02 5.012584788437925154e-02 7.717399640804448180e-02 1.043226041525362746e-01 1.311304830743125205e-01 1.573824785133800808e-01 1.829513217736533359e-01 2.077479177134650412e-01 2.317055027023411651e-01 2.547745026227862808e-01 2.769203131198828549e-01 2.981216883922858107e-01 3.183691548104870539e-01 3.376633691155707662e-01 3.560134706306583019e-01 3.734355064060400076e-01 3.899509823855762392e-01 4.055855461229304626e-01 4.203678362401969126e-01 4.343285191146029622e-01 4.474994574289204996e-01 4.599130375970885143e-01 4.716016356305111068e-01 4.825971748145919671e-01 4.929308064065997530e-01 5.026326512770340482e-01 5.117316224843068140e-01 5.202552975646145272e-01 5.282298359692656486e-01 5.356799331297052991e-01 5.426288000573206149e-01 5.490981658076037331e-01 5.551082945362559862e-01 5.606780140629373799e-01 5.658247526319981624e-01 5.705645804080587968e-01 5.749122538917432745e-01 5.788812617691774243e-01 5.824838698844903018e-01 5.857311657600523525e-01 5.886331000001081559e-01 5.911985259187624298e-01 5.934352355040664051e-01 5.953499919579123834e-01 5.969485588172378510e-01 5.982357246667733275e-01 5.992153244221478658e-01 5.998902561044126003e-01 6.002624936667656508e-01 6.003330957573806970e-01
5.836360903945285727e-01 5.830956256724557640e-01 5.822463906873081019e-01 5.810845829848311217e-01 5.796062390708064394e-01 5.778133204218185437e-01 5.756971973564768419e-01 5.732426504977510273e-01 5.704583263405860194e-01 5.673234300619337533e-01 5.638347838699200310e-01 5.599804965296018011e-01 5.557493683970065046e-01 5.511280607158505207e-01 5.461048096484608649e-01 5.406619185034127195e-01 5.347865700129306177e-01 5.284582553437575658e-01 5.216606827382312961e-01 5.143727940298055135e-01 5.065734585312787752e-01 4.982408861146891410e-01 4.893506259921291957e-01 4.798783030908941871e-01 4.697981099951563655e-01 4.590829259099901694e-01 4.477055077937689975e-01 4.356378811232148318e-01 4.228517256710953021e-01 4.093192815480428681e-01 3.950133959971149356e-01 3.799081233337333052e-01 3.639797011381714076e-01 3.472071980188978224e-01 3.295734305260273334e-01 3.110661967034284991e-01 2.916795640387745969e-01 2.714153304861439686e-01 2.502849658886224238e-01 2.283121559679978374e-01 2.055363004250727321e-01 1.820177508181082260e-01 1.578456271762917473e-01 1.331487619075026607e-01 1.081088604641132767e-01 8.297302020634408914e-02 5.807239077680239475e-02 3.394832051597861111e-02 1.219838495688114338e-02 0.000000000000000000e+00 1.690061514090471922e-02 4.350153824581635270e-02 7.072284338683201832e-02 9.733924411289539280e-02 1.232642014236181999e-01 1.485061653089559119e-01 1.730487022054755242e-01 1.968572377828993747e-01 2.198925074363036192e-01 2.421184443576888667e-01 2.635059716905185367e-01 2.840344934051085568e-01 3.036921166447296705e-01 3.224751648496401724e-01 3.403873096159209521e-01 3.574385372142767636e-01 3.736440696891807911e-01 3.890233005193668991e-01 4.035988257374147903e-01 4.173955872064947226e-01 4.304401041281520346e-01 4.427598443867690747e-01 4.543826915643669473e-01 4.653365051649775985e-01 4.756487829053285266e-01 4.853463781191124093e-01 4.944552988654629666e-01 5.030005471381273630e-01 5.110060105916137685e-01 5.184943846279206348e-01 5.254871263536257109e-01 5.320044295867522033e-01 5.380652184036788244e-01 5.436871535152446588e-01 5.488866489039289087e-01 5.536788955186895400e-01 5.580778892875617458e-01 5.620964629368158105e-01 5.657463182338026142e-01 5.690380594040149731e-01 5.719812251302549555e-01 5.745843194091821982e-01 5.768548407010173351e-01 5.787993080118637446e-01 5.804232849760552204e-01 5.817314003623825780e-01 5.827273656422726766e-01 5.834139893053504888e-01 5.837931874910211594e-01 5.838659914548457452e-01
5.674726697566495615e-01 5.669265541355679172e-01 5.660678299904402522e-01 5.648926150913383681e-01 5.633979443065331161e-01 5.615861846364202936e-01 5.594453491145325863e-01 5.569655366491028659e-01 5.541535666975354602e-01 5.509867760914188839e-01 5.474674046139517136e-01 5.435784712373811223e-01 5.393143915156499713e-01 5.346585550345366311e-01 5.296027168008086150e-01 5.241286710646568814e-01 5.182247198311806802e-01 5.118724503626239652e-01 5.050553878237428185e-01 4.977554872350341553e-01 4.899522477402638576e-01 4.816260227811224870e-01 4.727548539893696167e-01 4.633160775120483965e-01 4.532868507655655188e-01 4.426428983989897370e-01 4.313598035465577296e-01 4.194131104643564756e-01 4.067780671334015330e-01 3.934304841930770791e-01 3.793471463899121265e-01 3.645059939867474896e-01 3.488869242544649363e-01 3.324724782647766053e-01 3.152484287272060981e-01 2.972046475932856868e-01 2.783361280650226144e-01 2.586441075636130571e-01 2.381376250798137029e-01 2.168360365810829693e-01 1.947733033024906524e-01 1.720059408242522458e-01 1.486281152431254138e-01 1.247993233201860341e-01 1.007908744981711457e-01 7.705008449823996797e-02 5.425054772811263581e-02 3.323915021638020051e-02 1.484525451029509828e-02 0.000000000000000000e+00 0.000000000000000000e+00 3.625652811178949053e-02 6.487619913593781207e-02 9.104687825435592297e-02 1.160804172357599584e-01 1.403287388038341188e-01 1.638795014536490180e-01 1.867392023188541306e-01 2.088881876067762156e-01 2.303001042021449174e-01 2.509499120231719616e-01 2.708174448746772933e-01 2.898888762154737120e-01 3.081570588154896040e-01 3.256212351270621475e-01 3.422864164064887693e-01 3.581625916400545395e-01 3.732638727232547859e-01 3.876076812966842144e-01 4.012139853411272883e-01 4.141046012221419881e-01 4.263026095315824437e-01 4.378318346217560109e-01 4.487164207861968346e-01 4.589804829829030597e-01 4.686478171859977393e-01 4.777416809714008505e-01 4.862846131524237170e-01 4.942983047432294441e-01 5.018034985122123981e-01 5.088199217897186877e-01 5.153662401151175576e-01 5.214600307742216501e-01 5.271177708380192506e-01 5.323548363509482684e-01 5.371855105171722267e-01 5.416229974886119791e-01 5.456794411531673550e-01 5.493659463107516405e-01 5.526926015172790585e-01 5.556685026062191390e-01 5.583017754268144728e-01 5.605995983199745236e-01 5.625682224746040294e-01 5.642129908273150196e-01 5.655383547734023075e-01 5.665478881492156393e-01 5.672442990373672833e-01 5.676294384888884714e-01 5.677043065639515440e-01
5.516192354357704053e-01 5.510690280153314191e-01 5.502032143850787982e-01 5.490178917474641818e-01 5.475112779192711221e-01 5.456853879623672077e-01 5.435256742160433641e-01 5.410282803137440588e-01 5.381953840661279909e-01 5.350065785385537120e-01 5.314653345490671921e-01 5.275534025394126303e-01 5.232674396491197033e-01 5.185907277439164575e-01 5.135156553276456481e-01 5.080260477104481254e-01 5.021094285787627287e-01 4.957505540651591103e-01 4.889326492268263880e-01 4.816399710061680106e-01 4.738536440119639481e-01 4.655553000964128829e-01 4.567256360909429658e-01 4.473438772325920576e-01 4.373895139525047493e-01 4.268412302760890564e-01 4.156772211512995696e-01 4.038760459587437124e-01 3.914163046725800399e-01 3.782769964903472948e-01 3.644382140906171630e-01 3.498812782370408492e-01 3.345891336552693773e-01 3.185470035710135650e-01 3.017427927069031846e-01 2.841675296450822397e-01 2.658159506953154394e-01 2.466871185527071686e-01 2.267851940124711030e-01 2.061209205271545275e-01 1.847148313552573196e-01 1.626045204704049119e-01 1.398615308458745210e-01 1.166295486457771674e-01 9.320526250709137983e-02 7.018595116999790107e-02 4.864064003784119433e-02 2.991255315839722387e-02 1.394354881926140703e-02 0.000000000000000000e+00 1.297181370580298247e-02 3.664796204868735197e-02 6.147812613604083931e-02 8.589119432497209494e-02 1.096813504449387217e-01 1.328483304851236224e-01 1.554007818932475193e-01 1.773312628639332200e-01 1.986202797461792957e-01 2.192431812330478957e-01 2.391754039059331149e-01 2.583957466305336625e-01 2.768881063422567457e-01 2.946421516379184591e-01 3.116533251372473057e-01 3.279224546835797782e-01 3.434551372409995196e-01 3.582610285088164148e-01 3.723531410286509136e-01 3.857471530409413707e-01 3.984607780671539645e-01 4.105132182743526648e-01 4.219246670003135025e-01 4.327159048819597120e-01 4.429079474789721638e-01 4.525217595300952689e-01 4.615780225245816881e-01 4.700969456970459648e-01 4.780981206335189193e-01 4.856004066053039026e-01 4.926218463113267720e-01 4.991796037589681934e-01 5.052899214639879899e-01 5.109680934353697523e-01 5.162284499082095968e-01 5.210843520266492668e-01 5.255481936750361349e-01 5.296314085389390858e-01 5.333444815767096614e-01 5.366969623734600958e-01 5.396974807178968048e-01 5.423537622655874024e-01 5.446726444957654678e-01 5.466600919926987157e-01 5.483212104177119794e-01 5.496602595128581292e-01 5.506806639373253986e-01 5.513850224544548650e-01 5.517751149803645783e-01 5.518519072764969113e-01
5.360787689443288206e-01 5.355259538968923927e-01 5.346553372603963794e-01 5.334630776847614220e-01 5.319486742341952290e-01 5.301130229170303299e-01 5.279403007298745232e-01 5.254322613134047026e-01 5.225850407001861875e-01 5.193835172636140918e-01 5.158287265025406354e-01 5.119048205268640350e-01 5.076074069982212666e-01 5.029224840462634960e-01 4.978409229483931608e-01 4.923499161494361287e-01 4.864357973366786325e-01 4.800860743914138196e-01 4.732846014662972500e-01 4.660168289606843040e-01 4.582662237447521214e-01 4.500154449250701738e-01 4.412474260350006117e-01 4.319436594628868753e-01 4.220855291325756320e-01 4.116544478069381618e-01 4.006312315043359384e-01 3.889970319997956283e-01 3.767334549954723388e-01 3.638224692236859403e-01 3.502470048674485303e-01 3.359912813701976808e-01 3.210409015325280113e-01 3.053832649888346129e-01 2.890078725838389206e-01 2.719064075422235049e-01 2.540727755903093854e-01 2.355030144073108900e-01 2.161949196320833710e-01 1.961474722326707887e-01 1.753604835896303282e-01 1.538357151174825632e-01 1.315839088531725043e-01 1.086520867814156910e-01 8.521472661853006503e-02 6.184789325523228770e-02 4.021359793860160292e-02 2.382696037208279286e-02 1.101646589846915110e-02 0.000000000000000000e+00 1.523896244725982639e-02 3.588500468985004327e-02 5.849673554777797685e-02 8.135796768945148527e-02 1.039049620379687566e-01 1.259819113038621041e-01 1.475434535155240590e-01 1.685641699398269522e-01 1.890178326307946355e-01 2.088762473708546397e-01 2.281120546974554908e-01 2.467012826930838898e-01 2.646248733633453365e-01 2.818693087229137695e-01 2.984266303646473939e-01 3.142940929891244739e-01 3.294736023646699929e-01 3.439710755193529090e-01 3.577957989502520975e-01 3.709597876769979430e-01 3.834772111249362680e-01 3.953638759003114123e-01 4.066367595144944058e-01 4.173136251559212417e-01 4.274126763974394616e-01 4.369522800761582726e-01 4.459507284227649526e-01 4.544260483103687576e-01 4.623958451617398158e-01 4.698771799209290334e-01 4.768864723402306272e-01 4.834394274164368621e-01 4.895509802192478666e-01 4.952352566217959051e-01 5.005055465652794577e-01 5.053742872564380706e-01 5.098530549347715102e-01 5.139525619887719277e-01 5.176826596753207888e-01 5.210523434600144999e-01 5.240697611012787860e-01 5.267422221964245255e-01 5.290762081339757117e-01 5.310773826236365736e-01 5.327506013738645407e-01 5.340999213787152033e-01 5.351286090159657061e-01 5.358391467288605714e-01 5.362332384394120632e-01 5.363118131192388116e-01
5.208534391475865277e-01 5.202994212063845048e-01 5.194261691042446616e-01 5.182300051034105515e-01 5.167116997889915631e-01 5.148703723265972698e-01 5.126904673658909672e-01 5.101779177366116969e-01 5.073230211127346401e-01 5.041171869044399623e-01 5.005569775177998171e-01 4.966311310110896882e-01 4.923323685509366499e-01 4.876506618207291366e-01 4.825748552444370509e-01 4.770952245905432654e-01 4.711978406117044438e-01 4.648716984616857451e-01 4.581023582560624918e-01 4.508758018595598327e-01 4.431778028866631969e-01 4.349923878274353783e-01 4.263041344864835769e-01 4.170969323764609493e-01 4.073540139368561075e-01 3.970590698364176996e-01 3.861955266050407509e-01 3.747469130770547663e-01 3.626974415959504094e-01 3.500318433911191462e-01 3.367356231873450123e-01 3.227955047157327062e-01 3.081994833118987254e-01 2.929369207005686482e-01 2.769987122296637128e-01 2.603771470142397515e-01 2.430654633014505683e-01 2.250570376220336344e-01 2.063438225427366990e-01 1.869134170449439636e-01 1.667438150439170264e-01 1.457938907955414476e-01 1.239862821642842700e-01 1.011801833893082037e-01 7.715372882145582478e-02 5.177740496452601371e-02 2.653902798333072910e-02 1.416532551882823156e-02 6.295431280517392938e-03 0.000000000000000000e+00 1.209878165950236534e-02 3.315601843755480033e-02 5.526544067314811265e-02 7.713852742400681417e-02 9.859812407376852827e-02 1.196303634286518258e-01 1.402263756705959263e-01 1.603635171613854715e-01 1.800099823722292325e-01 1.991312342755373888e-01 2.176945669456882282e-01 2.356717103330560337e-01 2.530400198563801384e-01 2.697827742659559269e-01 2.858889691628126450e-01 3.013528377744603137e-01 3.161732327147310229e-01 3.303529872908486098e-01 3.438982884199650036e-01 3.568180686217737319e-01 3.691234738042618591e-01 3.808273712850621107e-01 3.919439193185250137e-01 4.024881989593604992e-01 4.124758858150086582e-01 4.219229828159162254e-01 4.308455855246444699e-01 4.392596932529461151e-01 4.471810489299163915e-01 4.546250114832252054e-01 4.616064516136689777e-01 4.681396700760990792e-01 4.742383338627083056e-01 4.799154273947601745e-01 4.851832168711146531e-01 4.900532242397310223e-01 4.945362103517760288e-01 4.986421640997241722e-01 5.023802972544562095e-01 5.057590431715675017e-01 5.087860581559100481e-01 5.114682255012210632e-01 5.138116602895703711e-01 5.158217153457442805e-01 5.175029872696155220e-01 5.188593222223072399e-01 5.198938214633910260e-01 5.206088458698749921e-01 5.210060196806285404e-01 5.210862331251654433e-01
5.059446413146184707e-01 5.053907423852712633e-01 5.045168994584252609e-01 5.033197152651556205e-01 5.018011056201572284e-01 4.999579672193281143e-01 4.977765382727299404e-01 4.952648797661039493e-01 4.924090026672796050e-01 4.892062728429512619e-01 4.856486934029551339e-01 4.817298280954239176e-01 4.774395367432567872e-01 4.727712739121122665e-01 4.677128200465160424e-01 4.622562014254845142e-01 4.563886083279140582e-01 4.500993798958283776e-01 4.433762673952834632e-01 4.362058612047130524e-01 4.285756410925087856e-01 4.204714747379251771e-01 4.118792394809720481e-01 4.027849776481305932e-01 3.931739398959229193e-01 3.830317180179921288e-01 3.723441584976054930e-01 3.610971073267446041e-01 3.492770655695234261e-01 3.368712687588970578e-01 3.238676599033080694e-01 3.102552322016172148e-01 2.960241857641776608e-01 2.811658387625610711e-01 2.656725982641385819e-01 2.495377213724333521e-01 2.327546247592111872e-01 2.153156357396512344e-01 1.972097500619045540e-01 1.784184173179234056e-01 1.589073644243421124e-01 1.386096959466018019e-01 1.173871323248119047e-01 9.492866458558177345e-02 7.044268490544026984e-02 4.156912024347609452e-02 0.000000000000000000e+00 0.000000000000000000e+00 0.000000000000000000e+00 0.000000000000000000e+00 0.000000000000000000e+00 2.937451637689839426e-02 5.227008086375919960e-02 7.333213010448867697e-02 9.371815385405912746e-02 1.137145118442536573e-01 1.333675979313721505e-01 1.526529317740826230e-01 1.715266993299714993e-01 1.899434589143520480e-01 2.078625555302811012e-01 2.252502297569212997e-01 2.420799481362900241e-01 2.583319982747491195e-01 2.739928131962995339e-01 2.890542106484001450e-01 3.035126353980854841e-01 3.173684704567621417e-01 3.306253964985257920e-01 3.432898087023813494e-01 3.553703154647509521e-01 3.668772741080870148e-01 3.778223975446307059e-01 3.882184050067083447e-01 3.980787183960677877e-01 4.074172062499560876e-01 4.162479598551448445e-01 4.245851085870315789e-01 4.324426618905792274e-01 4.398343799992359138e-01 4.467736666498485776e-01 4.532734821526485103e-01 4.593462739096649261e-01 4.650039208702786975e-01 4.702576909674032191e-01 4.751182082001914608e-01 4.795954285087683511e-01 4.836986226151316348e-01 4.874363641205042286e-01 4.908165225379513830e-01 4.938462590715224088e-01 4.965320255633409730e-01 4.988795650083642785e-01 5.008939132834566710e-01 5.025794019265795720e-01 5.039396609082267275e-01 5.049776216716282962e-01 5.056955198392798501e-01 5.060948973820145191e-01 5.061766043460198539e-01
4.913530379117140856e-01 4.908004947390217088e-01 4.899279803520940613e-01 4.887325016678717438e-01 4.872168834367813228e-01 4.853756345686303653e-01 4.831980378010430899e-01 4.806920843086578410e-01 4.778418370086036093e-01 4.746487231350088876e-01 4.711016536222986106e-01 4.671976916506025979e-01 4.629252480623559096e-01 4.582796828984497806e-01 4.532492951469173081e-01 4.478264447316149255e-01 4.420003806440146454e-01 4.357603807553632191e-01 4.290961225113128497e-01 4.219953339482075405e-01 4.144465586074945196e-01 4.064376796274051795e-01 3.979559000145641567e-01 3.889889892931400750e-01 3.795243052286678132e-01 3.695492011469297400e-01 3.590516200120712487e-01 3.480196715716792899e-01 3.364419719120952945e-01 3.243079948459874906e-01 3.116080030700424386e-01 2.983331714696897397e-01 2.844758054647530399e-01 2.700292671183178728e-01 2.549877951855160640e-01 2.393462426048426073e-01 2.230994265429473711e-01 2.062409081934334643e-01 1.887609541097498289e-01 1.706430069505755209e-01 1.518574271436042844e-01 1.323503351347764534e-01 1.120238730141233513e-01 9.070468843427444139e-02 6.811931589981506940e-02 4.405658460860124859e-02 1.987533413429746348e-02 8.095698113026166681e-03 0.000000000000000000e+00 5.709494381969821945e-03 1.423796170935003741e-02 3.207153721226913001e-02 5.110781571640570647e-02 7.020131112368635518e-02 8.922736608537741587e-02 1.081414092751607769e-01 1.268760091455854444e-01 1.453533099228478953e-01 1.634997837880652893e-01 1.812526710423427723e-01 1.985612596659729057e-01 2.153859674894134657e-01 2.316967749790341813e-01 2.474716620707964054e-01 2.626952585024360243e-01 2.773577133907139669e-01 2.914537647153124245e-01 3.049819836306364440e-01 3.179441188402041818e-01 3.303445425004086222e-01 3.421897781926673265e-01 3.534880733317254387e-01 3.642490432291295988e-01 3.744833467073882538e-01 3.842024112816639358e-01 3.934181917091800762e-01 4.021429621043560165e-01 4.103891383087081013e-01 4.181691263739583109e-01 4.254951946274188046e-01 4.323793666729374707e-01 4.388333322018942995e-01 4.448683740870817416e-01 4.504953087525286337e-01 4.557244384058191100e-01 4.605655132430293008e-01 4.650277015755186483e-01 4.691195675570603019e-01 4.728490539678979476e-01 4.762234702238680728e-01 4.792494837349534076e-01 4.819331142945489921e-01 4.842797309272512951e-01 4.862940500167514113e-01 4.879801350273939020e-01 4.893413967882748739e-01 4.903805942125203376e-01 4.910998353802631389e-01 4.915005783837934628e-01 4.915836321411358734e-01
4.770786006257371481e-01 4.765285634246596569e-01 4.756591706519780471e-01 4.744679545893024097e-01 4.729583236025124426e-01 4.711225363500034513e-01 4.689537064435359559e-01 4.664578582616779601e-01 4.636195661945011204e-01 4.604418791878548967e-01 4.569128211972331433e-01 4.530309212357175319e-01 4.487850203574977881e-01 4.441706860864965689e-01 4.391780193881608119e-01 4.337989464589694921e-01 4.280248669556104835e-01 4.218453375125508775e-01 4.152512918495286920e-01 4.082320753438101191e-01 4.007770122101481647e-01 3.928757706290387786e-01 3.845170981402310506e-01 3.756901579353981169e-01 3.663842793688518729e-01 3.565886086989280002e-01 3.462928904340250580e-01 3.354873487204995119e-01 3.241626416535334232e-01 3.123102774996260877e-01 2.999226886131458047e-01 2.869932076195624848e-01 2.735162326821864442e-01 2.594872673306310440e-01 2.449027364686565678e-01 2.297597524956585258e-01 2.140556912910232257e-01 1.977873976014898894e-01 1.809499746856582936e-01 1.635350987664510869e-01 1.455289031808689737e-01 1.269102791425671672e-01 1.076533135979250017e-01 8.774691660321602693e-02 6.727335680549793862e-02 4.666263750502703395e-02 2.734904497616441957e-02 1.250747121202252371e-02 0.000000000000000000e+00 8.599834934147442336e-03 1.917045905042854409e-02 3.356547696537100917e-02 4.988793340887219541e-02 6.713749901291649058e-02 8.484811765935899863e-02 1.027472369207910047e-01 1.206411652263653378e-01 1.383839201711329348e-01 1.558658213668711601e-01 1.730055133047960769e-01 1.897431446727148585e-01 2.060348734554116601e-01 2.218487576942262951e-01 2.371618277178962064e-01 2.519580340001285612e-01 2.662267812754871565e-01 2.799618697572842096e-01 2.931607050297339034e-01 3.058236578307851339e-01 3.179535571037084285e-01 3.295552578262010979e-01 3.406352634941359758e-01 3.512014095047999995e-01 3.612625724120026027e-01 3.708284256300768966e-01 3.799092178333969283e-01 3.885155837465485984e-01 3.966583772001829877e-01 4.043485286135019008e-01 4.115969215506128376e-01 4.184142882668778762e-01 4.248111209935990784e-01 4.307975974941938291e-01 4.363835194687699648e-01 4.415782612982833144e-01 4.463907288174359111e-01 4.508293253898944530e-01 4.549019253876753210e-01 4.586158530559474311e-01 4.619778661845193590e-01 4.649941439061477944e-01 4.676702773119625345e-01 4.700112630159976046e-01 4.720214983906911299e-01 4.737047784774112147e-01 4.750642941390249008e-01 4.761026308100813620e-01 4.768217680309240203e-01 4.772230792360404594e-01 4.773073317218083367e-01
4.631206531410855254e-01 4.625741851010974903e-01 4.617095808358628872e-01 4.605250067507447032e-01 4.590240728117374047e-01 4.571972031314757157e-01 4.550415735610641166e-01 4.525599698346458033e-01 4.497394796757352431e-01 4.465825525513790195e-01 4.430784102199650243e-01 4.392251992086995127e-01 4.350136729603116814e-01 4.304385394329740544e-01 4.254921655030692862e-01 4.201661160174297582e-01 4.144533533583028007e-01 4.083443757267889440e-01 4.018307839472019527e-01 3.949036428831926293e-01 3.875531802766487566e-01 3.797704168653504020e-01 3.715457896327526433e-01 3.628697474479866680e-01 3.537333001673371724e-01 3.441274146946970425e-01 3.340434784697416393e-01 3.234735994181266450e-01 3.124104109826473241e-01 3.008473355112549763e-01 2.887788119900740469e-01 2.762002863073635406e-01 2.631082754644795685e-01 2.495004951457460429e-01 2.353758024195565235e-01 2.207340535590509023e-01 2.055759531503824622e-01 1.899028094438234282e-01 1.737162677334792849e-01 1.570183736386141504e-01 1.398127115742816562e-01 1.221084967771313146e-01 1.039321525227999976e-01 8.535631053911589550e-02 6.656458741668397350e-02 4.797160810556368171e-02 3.035077543830810159e-02 1.458520117837870320e-02 0.000000000000000000e+00 9.519193261887597124e-03 2.027828331232585726e-02 3.313164950284267635e-02 4.774057297937264743e-02 6.361222252439924230e-02 8.027991261149933222e-02 9.735775492113965535e-02 1.145569506761201506e-01 1.316747981507993270e-01 1.485734425221710286e-01 1.651597551490560367e-01 1.813702393919128242e-01 1.971608978736229534e-01 2.125007968425003391e-01 2.273680758028304716e-01 2.417474622569404930e-01 2.556286756420467210e-01 2.690053784240069579e-01 2.818744380291726137e-01 2.942353618659487302e-01 3.060898679610626338e-01 3.174415140248068590e-01 3.282953843239360125e-01 3.386578173799328351e-01 3.485361575756701913e-01 3.579385421543808676e-01 3.668737048859382899e-01 3.753508065891746348e-01 3.833792825360039513e-01 3.909687102845674778e-01 3.981286934551250822e-01 4.048687614517217370e-01 4.111982832959063527e-01 4.171263934767930337e-01 4.226619298354215015e-01 4.278133805746949236e-01 4.325888406121959351e-01 4.369959751379899338e-01 4.410419897245850263e-01 4.447336063146143381e-01 4.480770434719002493e-01 4.510780011440796988e-01 4.537416483764301067e-01 4.560726139568103132e-01 4.580749793074744836e-01 4.597522730175713779e-01 4.611074670544862419e-01 4.621429739390879865e-01 4.628606448505366844e-01 4.632617685110497763e-01 4.633470704751869729e-01
4.494779142272006256e-01 4.489359918129348093e-01 4.480777177705410619e-01 4.469019797794753779e-01 4.454121896382217116e-01 4.435975660663286080e-01 4.414590390108743545e-01 4.389956563055104066e-01 4.361982028778375042e-01 4.330670575577548753e-01 4.295939954656845527e-01 4.257757076488082326e-01 4.216054718708504012e-01 4.170769688108216244e-01 4.121844833259958873e-01 4.069198437977365468e-01 4.012767858216613748e-01 3.952472526665711250e-01 3.888232974334460135e-01 3.819974285911119094e-01 3.747610748875538911e-01 3.671062579770000833e-01 3.590250313100379898e-01 3.505091884816370906e-01 3.415511370197492624e-01 3.321435726848637748e-01 3.222794823755424365e-01 3.119526324561870956e-01 3.011575069157363393e-01 2.898893663826539457e-01 2.781445160578612796e-01 2.659204151157738560e-01 2.532156954556752937e-01 2.400303055179859868e-01 2.263656132324767534e-01 2.122244173821440094e-01 1.976110188899561082e-01 1.825314179544738902e-01 1.669937380409741989e-01 1.510092747356748533e-01 1.345949716908333149e-01 1.177787757946105046e-01 1.006104503238732101e-01 8.318157811007687030e-02 6.565709490086818478e-02 4.830847360601628337e-02 3.149730547130621255e-02 1.548264204694213726e-02 0.000000000000000000e+00 9.198470922969388675e-03 1.929159484026672644e-02 3.094197925585247255e-02 4.433015222374429160e-02 5.929051997366416304e-02 7.530111809346863583e-02 9.184643261901727362e-02 1.085535511265789399e-01 1.251843024107347491e-01 1.415927782826613968e-01 1.576891725589941173e-01 1.734164741785515773e-01 1.887369621122356178e-01 2.036247061203458331e-01 2.180614430374724910e-01 2.320342630381654891e-01 2.455342558253419127e-01 2.585556878612343956e-01 2.710954419049608211e-01 2.831526028054434097e-01 2.947281420626138848e-01 3.058246341346062547e-01 3.164460192469433220e-01 3.265973825057499336e-01 3.362847537656568075e-01 3.455149269415156987e-01 3.542952926152991844e-01 3.626336887669442954e-01 3.705382650222142638e-01 3.780173618320609719e-01 3.850794032362790387e-01 3.917328021520316006e-01 3.979858780064260970e-01 4.038467845867209083e-01 4.093234483649990652e-01 4.144235153115727321e-01 4.191543057342187462e-01 4.235227764007545859e-01 4.275354883197333145e-01 4.311985804970603908e-01 4.345177477888035877e-01 4.374982230513798642e-01 4.401447626622573273e-01 4.424616347480648249e-01 4.444526100602577134e-01 4.461209546553264182e-01 4.474694243496762924e-01 4.485002606032232886e-01 4.492151874324838423e-01 4.496154094468282625e-01 4.497016106341427677e-01
4.361485407374049994e-01 4.356120547151055566e-01 4.347615291402337490e-01 4.335966310677574764e-01 4.321201966626230795e-01 4.303209907429052516e-01 4.282029549457637696e-01 4.257616408403255281e-01 4.229917997542015362e-01 4.198912218551510422e-01 4.164546350007911069e-01 4.126771348159808950e-01 4.085542597283047250e-01 4.040792056399504784e-01 3.992473901675659964e-01 3.940516057277912432e-01 3.884858131550344984e-01 3.825434900488920431e-01 3.762172902532388008e-01 3.695007402318599143e-01 3.623866652555705614e-01 3.548679682388469758e-01 3.469380703305535163e-01 3.385901824614921396e-01 3.298179473148356577e-01 3.206155884001110068e-01 3.109776655661363742e-01 3.008994490847058945e-01 2.903770933050967562e-01 2.794076074746173477e-01 2.679890525790917799e-01 2.561207583959577150e-01 2.438033907575369308e-01 2.310390797474945468e-01 2.178316310969109215e-01 2.041867038935968048e-01 1.901120408051158173e-01 1.756179052018004838e-01 1.607178223159829999e-01 1.454298725017366123e-01 1.297790186926583711e-01 1.138011137433526943e-01 9.754925275230599824e-02 8.110244377870864940e-02 6.457375615794194723e-02 4.810792786796025400e-02 3.184739830662955407e-02 1.584815859556319706e-02 0.000000000000000000e+00 7.982933367875304220e-03 1.674744827631778621e-02 2.701427897873059925e-02 3.934724147029213664e-02 5.391822987088450148e-02 6.978718906377051612e-02 8.617283256476539199e-02 1.026259951787523994e-01 1.189155135148933229e-01 1.349235867074231043e-01 1.505870380734914971e-01 1.658688442032260901e-01 1.807450574834308654e-01 1.951988813100684339e-01 2.092179619490290854e-01 2.227930973163703698e-01 2.359175807607479525e-01 2.485868401127758198e-01 2.607981815005305792e-01 2.725505928946517775e-01 2.838445732323502391e-01 2.946819571900470836e-01 3.050657594079483337e-01 3.150000111893608845e-01 3.244896099973064163e-01 3.335401722130488245e-01 3.421578955667315958e-01 3.503494304189832542e-01 3.581217615574904811e-01 3.654820995975729403e-01 3.724377834178685953e-01 3.789961921846527471e-01 3.851646674335745812e-01 3.909504441910571781e-01 3.963605905341559543e-01 4.014019552528906853e-01 4.060811221692386397e-01 4.104043714543685328e-01 4.143776461460242921e-01 4.180065241413608579e-01 4.212961944968053318e-01 4.242514375091665513e-01 4.268766084898708568e-01 4.291756241779274283e-01 4.311519518408598595e-01 4.328086005355885058e-01 4.341481140990476884e-01 4.351725658944274322e-01 4.358835548145767458e-01 4.362822025368657819e-01 4.363691519018176868e-01
4.231301701733583553e-01 4.225999272857628997e-01 4.217584472217578151e-01 4.206062005563446782e-01 4.191451285203959820e-01 4.173643151672600804e-01 4.152697005185308488e-01 4.128541504654258398e-01 4.101158712241754767e-01 4.070503975228526028e-01 4.036549787579994941e-01 3.999236989012942556e-01 3.958535474127367060e-01 3.914380575675702190e-01 3.866730167107073068e-01 3.815525828530381136e-01 3.760708247130442050e-01 3.702224712748034552e-01 3.640010736069603792e-01 3.574008514927785041e-01 3.504159856530097428e-01 3.430403329605428708e-01 3.352684040020688094e-01 3.270947960040777036e-01 3.185143431086725485e-01 3.095225739958735733e-01 3.001155329626709611e-01 2.902899056796994781e-01 2.800433277845112423e-01 2.693744208724606626e-01 2.582828950648001221e-01 2.467697914442623097e-01 2.348376497612635339e-01 2.224906447164733403e-01 2.097348334293852590e-01 1.965784587269407135e-01 1.830322908339263588e-01 1.691101346383322157e-01 1.548296063739387773e-01 1.402132352418600791e-01 1.252900063342014259e-01 1.100973329257177724e-01 9.468295939656390381e-02 7.910517175411867219e-02 6.342757053796643785e-02 4.770212496856833517e-02 3.193627303209421731e-02 1.606269813124412693e-02 0.000000000000000000e+00 5.985686317821985354e-03 1.270083740401637198e-02 2.102026034001033480e-02 3.212605781904576824e-02 4.724764046859763339e-02 6.375617362560392909e-02 8.043124968905820960e-02 9.686156742070517467e-02 1.129276080212808786e-01 1.285984154145554947e-01 1.438659121845717870e-01 1.587261359036203634e-01 1.731748370738762088e-01 1.872070676139349077e-01 2.008176688609932259e-01 2.140017978124801601e-01 2.267553233946772717e-01 2.390750826913323468e-01 2.509590024502896810e-01 2.624061501241210514e-01 2.734167186743100553e-01 2.839919666636175344e-01 2.941341409433875786e-01 3.038463725419366934e-01 3.131325722733198647e-01 3.219973169759602349e-01 3.304457398917516886e-01 3.384834224129795732e-01 3.461162925366252918e-01 3.533505289355050039e-01 3.601924729485482257e-01 3.666485480236921779e-01 3.727251866578381589e-01 3.784287654097833187e-01 3.837655464898613311e-01 3.887416267864010067e-01 3.933628926474402321e-01 3.976349808142568554e-01 4.015632445133808792e-01 4.051527242122265338e-01 4.084081228813331577e-01 4.113337846718065349e-01 4.139336772367059880e-01 4.162113768644696288e-01 4.181700561160311969e-01 4.198124739256426929e-01 4.211409674888015875e-01 4.221574459958406522e-01 4.228633859376814685e-01 4.232598277245073204e-01 4.233473736839018509e-01
4.104199625207634594e-01 4.098966877240357576e-01 4.090654317452910860e-01 4.079274569269730755e-01 4.064835758216171491e-01 4.047238926399873149e-01 4.026552451029595248e-01 4.002689433748708447e-01 3.975656368206391122e-01 3.945394877109884013e-01 3.911893480925843769e-01 3.875091994117236260e-01 3.834965664605545776e-01 3.791460018196006199e-01 3.744532338627082901e-01 3.694137661171715825e-01 3.640220051760157949e-01 3.582735015487714669e-01 3.521629130528644569e-01 3.456850484199749940e-01 3.388352125607287935e-01 3.316083338733943897e-01 3.239998291198833980e-01 3.160055323703316321e-01 3.076214658514381250e-01 2.988442970867905002e-01 2.896713954926953827e-01 2.801007868673734968e-01 2.701314304759735996e-01 2.597633840026632446e-01 2.489978707832239402e-01 2.378374799640595449e-01 2.262864139994704704e-01 2.143506718114362997e-01 2.020382991513278714e-01 1.893597481123107107e-01 1.763282917214209211e-01 1.629605288905436877e-01 1.492770648589097360e-01 1.353033186611060923e-01 1.210703287080158591e-01 1.066151730878355797e-01 9.198003279512882713e-02 7.720769499806676150e-02 6.232923882522707626e-02 4.733676753110366286e-02 3.213294243440738274e-02 1.646646828206830421e-02 0.000000000000000000e+00 3.258894199943828882e-03 7.049871671829129743e-03 1.223975882417861587e-02 2.088891319852741527e-02 3.918979482970019051e-02 5.755821881783193539e-02 7.493396414163283614e-02 9.146090419945564209e-02 1.073343788016933587e-01 1.226759594844639423e-01 1.375514299038033683e-01 1.519942861854296223e-01 1.660203904161564326e-01 1.796361605617146640e-01 1.928430987766005800e-01 2.056403251299359913e-01 2.180260359326726127e-01 2.299983455015749134e-01 2.415557567582478637e-01 2.526974313491198165e-01 2.634233118214172609e-01 2.737341637737009670e-01 2.836315648470712492e-01 2.931178543657369517e-01 3.021960675176538769e-01 3.108698526565943920e-01 3.191433857521814299e-01 3.270212814584617100e-01 3.345085064003145425e-01 3.416102955265870045e-01 3.483320731286364547e-01 3.546793796849886382e-01 3.606578039943005853e-01 3.662729221290075277e-01 3.715302417606873853e-01 3.764351527553874144e-01 3.809928831427283891e-01 3.852084601205736925e-01 3.890866762010731783e-01 3.926320593626698718e-01 3.958488475505289594e-01 3.987409665622054789e-01 4.013120112273409479e-01 4.035652296171066689e-01 4.055035096196123456e-01 4.071293680413460847e-01 4.084449417038263919e-01 4.094519803481593279e-01 4.101518413529277596e-01 4.105454859013074054e-01 4.106334766275396286e-01
3.980146411032491338e-01 3.974989802806994654e-01 3.966790116206960204e-01 3.955567426840120859e-01 3.941317253735484027e-01 3.923956388607633960e-01 3.903551988652202986e-01 3.880013485307455268e-01 3.853359947132913854e-01 3.823529929900531532e-01 3.790517854559825595e-01 3.754270902326217185e-01 3.714762970363375549e-01 3.671952793208309029e-01 3.625796845773958110e-01 3.576260302055926932e-01 3.523294078749747982e-01 3.466858466726815413e-01 3.406911151697086804e-01 3.343406871569135075e-01 3.276307144157328266e-01 3.205572286673512572e-01 3.131164944531651395e-01 3.053053808951091685e-01 2.971210561530297500e-01 2.885612330230268308e-01 2.796244204940551703e-01 2.703098757444374334e-01 2.606177587001520246e-01 2.505493752896742476e-01 2.401072855291600527e-01 2.292954528821679050e-01 2.181195090235819034e-01 2.065869986957479809e-01 1.947076401789126221e-01 1.824936846019354630e-01 1.699603701749390350e-01 1.571264200599167271e-01 1.440146336203266819e-01 1.306525098683598562e-01 1.170727077989845849e-01 1.033129167663170145e-01 8.941425281453126150e-02 7.541631462762002358e-02 6.134492817777436463e-02 4.718279826892560896e-02 3.279232773074033241e-02 1.767033850609555853e-02 0.000000000000000000e+00 0.000000000000000000e+00 0.000000000000000000e+00 0.000000000000000000e+00 0.000000000000000000e+00 3.106408876891212853e-02 5.235252867396594789e-02 7.028501453874093363e-02 8.671319253116925585e-02 1.022724895432542275e-01 1.172190241269610023e-01 1.316689389871832372e-01 1.456785317530718271e-01 1.592755900298141458e-01 1.724733724172768101e-01 1.852774995871437069e-01 1.976896015550085040e-01 2.097093633601980200e-01 2.213356966849605589e-01 2.325674197386924380e-01 2.434036608619161157e-01 2.538440709140319940e-01 2.638889354010804933e-01 2.735392098762311486e-01 2.827965107869369055e-01 2.916630781982712528e-01 3.001417187758965710e-01 3.082357393778434318e-01 3.159488748637605537e-01 3.232852140494733573e-01 3.302491270055871175e-01 3.368451943975800944e-01 3.430781410878544491e-01 3.489527736178617556e-01 3.544739228763278405e-01 3.596463915686577417e-01 3.644749065499112706e-01 3.689640763046286298e-01 3.731183525556900360e-01 3.769419966714611103e-01 3.804390498106100527e-01 3.836133069051808064e-01 3.864682941567090246e-01 3.890072494687437654e-01 3.912331059377089360e-01 3.931484777550006693e-01 3.947556484941154298e-01 3.960565616085532370e-01 3.970528127423302855e-01 3.977456439293229895e-01 3.981359394511581051e-01 3.982242232101786961e-01
3.859105322358035717e-01 3.854030553134704107e-01 3.845953253480560163e-01 3.834900176465224630e-01 3.820853974237147233e-01 3.803750815616145919e-01 3.783648522033020711e-01 3.760463158356497360e-01 3.734215623304281695e-01 3.704850726006833073e-01 3.672360833778612332e-01 3.636705597534987677e-01 3.597854902196077620e-01 3.555779717548805396e-01 3.510438317267475794e-01 3.461801781953537938e-01 3.409830335723603723e-01 3.354487691260116256e-01 3.295740887966692179e-01 3.233552608231827219e-01 3.167890881548623416e-01 3.098726122383452797e-01 3.026029575280763106e-01 2.949778541993206549e-01 2.869955074737843836e-01 2.786546182201631305e-01 2.699546730003726802e-01 2.608960102709370066e-01 2.514798759503628078e-01 2.417086495745363328e-01 2.315860249965546458e-01 2.211171430428377771e-01 2.103088254254160128e-01 1.991698585564419255e-01 1.877112797579547909e-01 1.759467191608900805e-01 1.638928600299307814e-01 1.515699490043404540e-01 1.390023680717930310e-01 1.262192411172036177e-01 1.132549681241270256e-01 1.001494519621547036e-01 8.694769259138467044e-02 7.369835648783296111e-02 6.045136161509388761e-02 4.725719594404800133e-02 3.418328636848961405e-02 2.142265082331644768e-02 9.868190588196507768e-03 4.063149125966875226e-03 0.000000000000000000e+00 5.996293584936585042e-03 1.473661409546020429e-02 3.271352734868594042e-02 5.050232419592354249e-02 6.713988664936583473e-02 8.283384438200531996e-02 9.782281126741822208e-02 1.122581244308909904e-01 1.262261540481429689e-01 1.397746625287936140e-01 1.529293873328934628e-01 1.657035361838818111e-01 1.781031936951448236e-01 1.901304625965606343e-01 2.017853429198497028e-01 2.130668586010131815e-01 2.239737478262410486e-01 2.345048857226015582e-01 2.446595240496175494e-01 2.544374309380572630e-01 2.638389488192475207e-01 2.728650092902746849e-01 2.815171135354494480e-01 2.897972933274344243e-01 2.977080585547325908e-01 3.052523379744745413e-01 3.124334155855985062e-01 3.192548668767243858e-01 3.257204956056793388e-01 3.318342732051749455e-01 3.376002814004645525e-01 3.430226583671522333e-01 3.481055493419711877e-01 3.528530609395761908e-01 3.572692201513804622e-01 3.613579370319625061e-01 3.651229715021967470e-01 3.685679038779463013e-01 3.716961086715540041e-01 3.745107318925944839e-01 3.770146711380765181e-01 3.792105585371672860e-01 3.811007462482310926e-01 3.826872941849230325e-01 3.839719600240688591e-01 3.849561911341027876e-01 3.856411183571776258e-01 3.860275516245758598e-01 3.861159771621962000e-01
3.741036034938578503e-01 3.736048078925831017e-01 3.728101599628900753e-01 3.717229004531835690e-01 3.703400807238269588e-01 3.686574104784908212e-01 3.666792072021752280e-01 3.643984721990263242e-01 3.618167040914032628e-01 3.589296111770941544e-01 3.557358054055827501e-01 3.522326035192719917e-01 3.484166979284744614e-01 3.442860548896939377e-01 3.398370190481178610e-01 3.350669699776729904e-01 3.299728992378056502e-01 3.245515716106772142e-01 3.188003836919184875e-01 3.127164635812604288e-01 3.062971952324985425e-01 2.995404572404811172e-01 2.924442378592398972e-01 2.850070220173771540e-01 2.772279011937441862e-01 2.691064959549157587e-01 2.606431517595101388e-01 2.518391212960489067e-01 2.426966038652634272e-01 2.332188977741328773e-01 2.234106249818952894e-01 2.132778830366367229e-01 2.028284420700879886e-01 1.920720237410120101e-01 1.810206133495732284e-01 1.696887918182364285e-01 1.580941776876615135e-01 1.462579550158704111e-01 1.342054796939191885e-01 1.219669792731929714e-01 1.095783631935760283e-01 9.708214903649484140e-02 8.452865341311995018e-02 7.197802644669218375e-02 5.950496045828680691e-02 4.721135364622731229e-02 3.526100373687743317e-02 2.396882481273896609e-02 1.398695503869816156e-02 6.384414061907551716e-03 0.000000000000000000e+00 9.248324295145425936e-03 2.023617618377058017e-02 3.455061976550723168e-02 4.980288680764140968e-02 6.493787598047243148e-02 7.965897111476970271e-02 9.392623982608258593e-02 1.077639309161967929e-01 1.212022814565204831e-01 1.342639359607785132e-01 1.469630925019071443e-01 1.593074977428901584e-01 1.713005545166234045e-01 1.829429681891282244e-01 1.942339209939372424e-01 2.051718587807996597e-01 2.157550217842941487e-01 2.259817854923111824e-01 2.358508687141519233e-01 2.453614603556020235e-01 2.545132769484750312e-01 2.633065836807875759e-01 2.717421823131201397e-01 2.798213818003173481e-01 2.875459547680631056e-01 2.949180869338313693e-01 3.019403215611897728e-01 3.086155024909991162e-01 3.149467172251721458e-01 3.209372412058468238e-01 3.265904849422825995e-01 3.319099435202723658e-01 3.368991500322515154e-01 3.415616321108193576e-01 3.459008723641548988e-01 3.499202723975106122e-01 3.536231202151073894e-01 3.570125612836274609e-01 3.600915725330000039e-01 3.628629395767425936e-01 3.653292367610977975e-01 3.674928097858251586e-01 3.693557609360809124e-01 3.709199365111183755e-01 3.721869164494010507e-01 3.731580060091115869e-01 3.738342292764217922e-01 3.742163245667796678e-01 3.743047415434055392e-01
3.625895004512743047e-01 3.620998148125361138e-01 3.613189883898869081e-01 3.602507077889966491e-01 3.588909661245284211e-01 3.572375255074293210e-01 3.552930047159200688e-01 3.530521779232559942e-01 3.505155538003757454e-01 3.476802814975962219e-01 3.445443093619731112e-01 3.411060807708292120e-01 3.373623144781903727e-01 3.333114321377929068e-01 3.289505343269607529e-01 3.242771484624719092e-01 3.192890882653132700e-01 3.139836471426186715e-01 3.083587172604562721e-01 3.024122409206203566e-01 2.961422010557844819e-01 2.895471400745432411e-01 2.826258579078807509e-01 2.753775437083778588e-01 2.678020275275431183e-01 2.598997470524136988e-01 2.516718180352909284e-01 2.431202532321448118e-01 2.342480507358838948e-01 2.250592830340142902e-01 2.155593084493390155e-01 2.057549523972148076e-01 1.956546877287277109e-01 1.852688755238282303e-01 1.746100811048720003e-01 1.636934019171050747e-01 1.525368796502505897e-01 1.411620233742498787e-01 1.295944523436721729e-01 1.178646948463835387e-01 1.060092470926465302e-01 9.407204644509450930e-02 8.210668912073010306e-02 7.018010282131947886e-02 5.837909008658630217e-02 4.682226439428557874e-02 3.568057437214862404e-02 2.520472015212546490e-02 1.572641719560072607e-02 7.487591633712625816e-03 0.000000000000000000e+00 1.076056549555506892e-02 2.240877589226760239e-02 3.544946954879624190e-02 4.922027769183083545e-02 6.314928061797700498e-02 7.693741494453437690e-02 9.045870620467715006e-02 1.036685085305061732e-01 1.165545043062564817e-01 1.291150756090402862e-01 1.413508914451374887e-01 1.532621240702382315e-01 1.648478474359180990e-01 1.761062024699464601e-01 1.870347587045955995e-01 1.976308576698801722e-01 2.078919011077565993e-01 2.178155530421717334e-01 2.273998770842655670e-01 2.366434214973848205e-01 2.455452586623963762e-01 2.541049976217892303e-01 2.623227710116547984e-01 2.701992078506809669e-01 2.777353945036159510e-01 2.849328288784905294e-01 2.917933705396676958e-01 2.983191886020936101e-01 3.045127097521569404e-01 3.103765666419727731e-01 3.159135486658221637e-01 3.211265546770816770e-01 3.260185488247639429e-01 3.305925193643920457e-01 3.348514405306301511e-01 3.387982379076553419e-01 3.424357566916235718e-01 3.457667333120053588e-01 3.487937699257271373e-01 3.515193117148298074e-01 3.539456270501170621e-01 3.560747900448631431e-01 3.579086656115090803e-01 3.594488967851487971e-01 3.606968941149876207e-01 3.616538271653569891e-01 3.623206178886034801e-01 3.626979358575118106e-01 3.627861953270127837e-01
3.513635817762831293e-01 3.508833698977439908e-01 3.501170050974393710e-01 3.490684911567768500e-01 3.477329792058667102e-01 3.461100813280554855e-01 3.442007501925868351e-01 3.420015786588537221e-01 3.395120377300285264e-01 3.367305969424126411e-01 3.336547779884055376e-01 3.302837536705384158e-01 3.266146258882391962e-01 3.226459577609174789e-01 3.183756639909650077e-01 3.138014714132617011e-01 3.089217828808038524e-01 3.037345280638122924e-01 2.982379993967806953e-01 2.924308225651721660e-01 2.863116137579546638e-01 2.798794604999620406e-01 2.731338681095628607e-01 2.660746955882963283e-01 2.587023981118308225e-01 2.510181030211759423e-01 2.430236115519742446e-01 2.347215698761698222e-01 2.261156149378683311e-01 2.172104470384056962e-01 2.080119887298723658e-01 1.985275764083131167e-01 1.887661407842355366e-01 1.787384034381384323e-01 1.684571628329023241e-01 1.579376083694877808e-01 1.471976936818123194e-01 1.362586170502380900e-01 1.251454511386739243e-01 1.138879654789495682e-01 1.025217751024164042e-01 9.109001905264627053e-02 7.964589819298169282e-02 6.825657249880370814e-02 5.700902134232155305e-02 4.601804760801171679e-02 3.543433276694331335e-02 2.544309879160017857e-02 1.622644481698542682e-02 7.839592160950554361e-03 0.000000000000000000e+00 1.138489279077442747e-02 2.318855159249107525e-02 3.561781208528649878e-02 4.847904158508595240e-02 6.150108699734586210e-02 7.448220206162864399e-02 8.730213078838071350e-02 9.989633232557935949e-02 1.122315601159532966e-01 1.242903493170865181e-01 1.360626271057724102e-01 1.475415861707865539e-01 1.587218093706280475e-01 1.695985153258372236e-01 1.801673097823542069e-01 1.904241486930645377e-01 2.003653898453853777e-01 2.099878484324685379e-01 2.192888496037262436e-01 2.282662591462873425e-01 2.369184947586934764e-01 2.452445210450014401e-01 2.532438293828910836e-01 2.609164075354047929e-01 2.682627014072543892e-01 2.752835710934833369e-01 2.819802443203672793e-01 2.883542677116174846e-01 2.944074583340589024e-01 3.001418555668173282e-01 3.055596747151752002e-01 3.106632626562291777e-01 3.154550557793209253e-01 3.199375409033372031e-01 3.241132186836072626e-01 3.279845702140462005e-01 3.315540263630052387e-01 3.348239399938976457e-01 3.377965610821442310e-01 3.404740143086337212e-01 3.428582794034199521e-01 3.449511738485853685e-01 3.467543378780889030e-01 3.482692217931890322e-01 3.494970752861538688e-01 3.504389388176786801e-01 3.510956369423939294e-01 3.514677734507947737e-01 3.515557283763769414e-01
3.404209526045974821e-01 3.399505175225436826e-01 3.391991599638492505e-01 3.381710711242810752e-01 3.368608121941090716e-01 3.352695274314853591e-01 3.333967402884783215e-01 3.312406499979900221e-01 3.287999016071677105e-01 3.260739515645545428e-01 3.230602566705479961e-01 3.197583135379544195e-01 3.161658594561632118e-01 3.122814586995609210e-01 3.081037334873106825e-01 3.036307489623742417e-01 2.988612854816863340e-01 2.937939261745052266e-01 2.884273597358862906e-01 2.827607416114864547e-01 2.767933156032509334e-01 2.705246595453003611e-01 2.639548581564873930e-01 2.570843878877781541e-01 2.499142529699373005e-01 2.424461438404958979e-01 2.346824491816539848e-01 2.266263458405132214e-01 2.182819649263164352e-01 2.096544846712571353e-01 2.007502371907964878e-01 1.915768786813461244e-01 1.821435681927173478e-01 1.724611314150737984e-01 1.625422897416518575e-01 1.524019360076672713e-01 1.420574531070327440e-01 1.315291119387493601e-01 1.208406115313238882e-01 1.100198093266877286e-01 9.909976205822708384e-02 8.812027585386329742e-02 7.713025718410737586e-02 6.619123631573628486e-02 5.538236496555235672e-02 4.480658162870253952e-02 3.459563726869742395e-02 2.490693838891808176e-02 1.589672429868805442e-02 7.644398613696602382e-03 0.000000000000000000e+00 1.159018219932841931e-02 2.334239692799769741e-02 3.535380827711204210e-02 4.757657105051528446e-02 5.989336847826833704e-02 7.218768623265384154e-02 8.437076196985103527e-02 9.638257924428970946e-02 1.081844727504767956e-01 1.197515241487204229e-01 1.310670463382739848e-01 1.421191214457794560e-01 1.528986015745240346e-01 1.633980314410400092e-01 1.736110847586523065e-01 1.835322871156908897e-01 1.931568914220964661e-01 2.024808143502449809e-01 2.115006110523248717e-01 2.202134531814508578e-01 2.286171093320784886e-01 2.367099193965614412e-01 2.444907639668758570e-01 2.519590279040737624e-01 2.591145601998074977e-01 2.659576300577711772e-01 2.724888817324784829e-01 2.787092880781857351e-01 2.846201044281195247e-01 2.902228233005036406e-01 2.955191302838383605e-01 3.005108621707148209e-01 3.051999668648190944e-01 3.095884660977409886e-01 3.136784204573138113e-01 3.174718971251055399e-01 3.209709403607474143e-01 3.241775444436864606e-01 3.270936294170154746e-01 3.297210191839348714e-01 3.320614220966373598e-01 3.341164139310802139e-01 3.358874229880673412e-01 3.373757174480713772e-01 3.385823947566100611e-01 3.395083729587420329e-01 3.401543840139649721e-01 3.405209689305225274e-01 3.406084747297109527e-01
3.297564961330248234e-01 3.292960842949203548e-01 3.285601902873812041e-01 3.275530690697078806e-01 3.262689551706046687e-01 3.247101431818269490e-01 3.228750910898650073e-01 3.207632338152188178e-01 3.183727418538833676e-01 3.157036492649487047e-01 3.127536944577750111e-01 3.095224005544606749e-01 3.060082268486366552e-01 3.022097599117313793e-01 2.981261339961095436e-01 2.937558818143647388e-01 2.890980363919415375e-01 2.841517604027903321e-01 2.789161756846396667e-01 2.733908464645914416e-01 2.675755828177250883e-01 2.614704354378675766e-01 2.550759595308496053e-01 2.483931688189897902e-01 2.414235607826500651e-01 2.341692843833812210e-01 2.266332059922134268e-01 2.188189420342859237e-01 2.107309988715440896e-01 2.023748894497279793e-01 1.937572148472398725e-01 1.848857904415144027e-01 1.757698064881923483e-01 1.664199686949796031e-01 1.568486617801137517e-01 1.470701585313918258e-01 1.371008610032459218e-01 1.269595812358400022e-01 1.166679173279094039e-01 1.062507697365505099e-01 9.573708462822340393e-02 8.516098639099781153e-02 7.456356520245482900e-02 6.399572164416209019e-02 5.352261385663605042e-02 4.323029059964342280e-02 3.323472893650188109e-02 2.369234212047343496e-02 1.480917733073644320e-02 6.841350405926384902e-03 0.000000000000000000e+00 1.163316533719876630e-02 2.323672255340554840e-02 3.487808526216092109e-02 4.657965791106437325e-02 5.830768489683687411e-02 7.000393367880830553e-02 8.161014165986518742e-02 9.307820956017524849e-02 1.043716561081682870e-01 1.154636295558805481e-01 1.263342890005901553e-01 1.369686004929254186e-01 1.473547698879294487e-01 1.574832279573490923e-01 1.673459919825815989e-01 1.769362864440832406e-01 1.862483176536034735e-01 1.952771331443130254e-01 2.040185376172335974e-01 2.124690292855752338e-01 2.206257526354790666e-01 2.284864538060786543e-01 2.360494386899279484e-01 2.433135297593867485e-01 2.502780225333859354e-01 2.569426407805864843e-01 2.633074914965334301e-01 2.693730199386151214e-01 2.751399650598561064e-01 2.806093163871017371e-01 2.857822718782196958e-01 2.906601980456340328e-01 2.952445917739909831e-01 2.995370445615032073e-01 3.035392091459063746e-01 3.072527683800491127e-01 3.106794068103972406e-01 3.138207844952102255e-01 3.166785133602207924e-01 3.192541359184432048e-01 3.215491062143315815e-01 3.235647731141998440e-01 3.253023656585672940e-01 3.267629805149777633e-01 3.279475714925829677e-01 3.288569409321633330e-01 3.294917330313356651e-01 3.298524290234829404e-01 3.299393441344005140e-01
3.193649033975666796e-01 3.189147088759211601e-01 3.181946508949207164e-01 3.172089365180943421e-01 3.159517263861162939e-01 3.144260681287554537e-01 3.126297677036194433e-01 3.105630671298916790e-01 3.082240393934007061e-01 3.056129255631439556e-01 3.027279835935918761e-01 2.995686224748435045e-01 2.961339572463492775e-01 2.924227133863688821e-01 2.884343400350576347e-01 2.841678943337048735e-01 2.796226324582887779e-01 2.747981733185270170e-01 2.696940968038747388e-01 2.643103106985782436e-01 2.586470940441583655e-01 2.527049544677837378e-01 2.464848434776422959e-01 2.399882169677622357e-01 2.332170099821509190e-01 2.261737526166689161e-01 2.188616816815616706e-01 2.112847642585421182e-01 2.034477870008086497e-01 1.953564746213122261e-01 1.870175711350920145e-01 1.784389205815754276e-01 1.696295909380923506e-01 1.605999895086080154e-01 1.513619674597246056e-01 1.419289437693785350e-01 1.323160471758967338e-01 1.225402548591726093e-01 1.126205529919937359e-01 1.025781415249604062e-01 9.243672038259490020e-02 8.222294430517357311e-02 7.196724485506744706e-02 6.170544551362867197e-02 5.148207609102987276e-02 4.135725802249496513e-02 3.142068663709279147e-02 2.181858284691128719e-02 1.280636552772820153e-02 4.911904784213113641e-03 0.000000000000000000e+00 1.170548008649065046e-02 2.309292200243492563e-02 3.434179102044471882e-02 4.555589109224712080e-02 5.675334432806072860e-02 6.790975341968813472e-02 7.898716216416232228e-02 8.994793138366018181e-02 1.007597521338851054e-01 1.113964623359950668e-01 1.218372675471286332e-01 1.320655825844377906e-01 1.420679884959017425e-01 1.518334347452237609e-01 1.613526635267702181e-01 1.706178252002731877e-01 1.796222164907532448e-01 1.883601034369673521e-01 1.968266012921273678e-01 2.050175837669773737e-01 2.129296147376620874e-01 2.205598890829669756e-01 2.279061807575576415e-01 2.349667936614533992e-01 2.417405144190764854e-01 2.482265664006621242e-01 2.544245643276164537e-01 2.603344702195780069e-01 2.659565500334465371e-01 2.712913321193814453e-01 2.763395669021759815e-01 2.811021885954079202e-01 2.855802788377345136e-01 2.897750323280181561e-01 2.936877249088946096e-01 2.973196836541910359e-01 3.006722594468878018e-01 3.037468017755257099e-01 3.065446357452886739e-01 3.090670414447579395e-01 3.113152353775624492e-01 3.132903540921535002e-01 3.149934398781928935e-01 3.164254284086741587e-01 3.175871384099937522e-01 3.184792631905269400e-01 3.191023640132933381e-01 3.194568653346360754e-01 3.195430517952263516e-01
3.092407012197638805e-01 3.088008699246370670e-01 3.080969423250736750e-01 3.071329822061911186e-01 3.059033013775370735e-01 3.044113281889516687e-01 3.026546142873995926e-01 3.006338052491338564e-01 2.983471934299581907e-01 2.957949657607675809e-01 2.929759937871491138e-01 2.898895752961697658e-01 2.865353207273863001e-01 2.829122278904590004e-01 2.790199232885779423e-01 2.748579590472050027e-01 2.704258469025563327e-01 2.657235406127131383e-01 2.607510618538143032e-01 2.555086425031385944e-01 2.499969307549692599e-01 2.442168540673497201e-01 2.381697159955033782e-01 2.318573254690325658e-01 2.252819895443859133e-01 2.184465609485435333e-01 2.113545566670270437e-01 2.040102067353669058e-01 1.964184993704527205e-01 1.885852759596999273e-01 1.805173171262782761e-01 1.722223934601849193e-01 1.637093434571360584e-01 1.549881544826429702e-01 1.460700190646143926e-01 1.369673733132781290e-01 1.276939292549482685e-01 1.182646637009945462e-01 1.086957482220421434e-01 9.900439918547224161e-02 8.920861398619291116e-02 7.932675361736145347e-02 6.937697699693484710e-02 5.937671735041490789e-02 4.934298997099459405e-02 3.929600624913974494e-02 2.927222785512738693e-02 1.935501041644978326e-02 9.685888103209749911e-03 0.000000000000000000e+00 0.000000000000000000e+00 1.209554943608112665e-02 2.308737388058403062e-02 3.383990958725806297e-02 4.454837954766188018e-02 5.523962184868175251e-02 6.589411507103523635e-02 7.648033353335179085e-02 8.696608249758326636e-02 9.732240971448644085e-02 1.075246256864093031e-01 1.175521358899365848e-01 1.273878474548521822e-01 1.370175189716165975e-01 1.464291880389346212e-01 1.556127107950250887e-01 1.645594239906147949e-01 1.732618906473943898e-01 1.817137173819666773e-01 1.899094189129531540e-01 1.978443140919596832e-01 2.055144444866081610e-01 2.129165060051386726e-01 2.200477896160744906e-01 2.269061278282577532e-01 2.334898444898070025e-01 2.397977077142595115e-01 2.458288842153089071e-01 2.515828958236669965e-01 2.570595772763937248e-01 2.622590358683421496e-01 2.671816128313547756e-01 2.718278464415518902e-01 2.761984373000977433e-01 2.802942153679887638e-01 2.841161093355638045e-01 2.876651179837816930e-01 2.909422837182361610e-01 2.939486683505132536e-01 2.966853308643445097e-01 2.991533074104336665e-01 3.013535933267509348e-01 3.032871271588908346e-01 3.049547767311525659e-01 3.063573270766118961e-01 3.074954702877274459e-01 3.083697972285655009e-01 3.089807910101950439e-01 3.093288222895498318e-01 3.094141463199889808e-01
2.993782783241268897e-01 2.989489121748843958e-01 2.982613370802512653e-01 2.973193970343925852e-01 2.961177405463039647e-01 2.946598585032407236e-01 2.929433833139506449e-01 2.909690412212000421e-01 2.887355527450762294e-01 2.862429223771371101e-01 2.834905994548951869e-01 2.804778661073975554e-01 2.772046445197728914e-01 2.736702957675333225e-01 2.698745663253673821e-01 2.658174123891173801e-01 2.614986481817790365e-01 2.569184776974512974e-01 2.520773074885546694e-01 2.469756925116988189e-01 2.416145735253316107e-01 2.359952376732458723e-01 2.301193092669420182e-01 2.239888814634782288e-01 2.176065608543717167e-01 2.109754710484555429e-01 2.040993416217019574e-01 1.969825850241760934e-01 1.896303222692621859e-01 1.820484427463085753e-01 1.742436830266018422e-01 1.662236655446129585e-01 1.579969345481116727e-01 1.495729959181772983e-01 1.409623333788081190e-01 1.321763772921158153e-01 1.232274363082662277e-01 1.141285527157135382e-01 1.048932314563120610e-01 9.553497218458634199e-02 8.606648821558716966e-02 7.649841041827724897e-02 6.683714825041986440e-02 5.708143844700599295e-02 4.721716811288445559e-02 3.721158408833086240e-02 2.701727093702905799e-02 1.664343404989371625e-02 6.582296770427085476e-03 0.000000000000000000e+00 4.884284521161383168e-03 1.358903976790774328e-02 2.332079439052368863e-02 3.338174371306137922e-02 4.355771216214769648e-02 5.376223162966471680e-02 6.394630316269778181e-02 7.407349629297477200e-02 8.411314694610409759e-02 9.403864136227554904e-02 1.038269326999600450e-01 1.134582143936243293e-01 1.229155391477448067e-01 1.321844173268473255e-01 1.412524299731220956e-01 1.501088903454831369e-01 1.587445727093069470e-01 1.671514901212396154e-01 1.753227254150711290e-01 1.832522961139002315e-01 1.909350481490522111e-01 1.983665689015396971e-01 2.055431145582504726e-01 2.124615467511272171e-01 2.191192764700462814e-01 2.255142121978353786e-01 2.316447121232792505e-01 2.375095386559908650e-01 2.431078154461084884e-01 2.484389863853627423e-01 2.535027763564351999e-01 2.582991541538444125e-01 2.628282969794741852e-01 2.670905571640650455e-01 2.710864306527536183e-01 2.748165275552738596e-01 2.782815447735391690e-01 2.814822405283037288e-01 2.844194110701214750e-01 2.870938692976960915e-01 2.895064253838265933e-01 2.916578694244850722e-01 2.935489559303413598e-01 2.951803902774867150e-01 2.965528169937858838e-01 2.976668098360567560e-01 2.985228636997667717e-01 2.991213882488631404e-01 2.994627032857076765e-01 2.995470358629913621e-01
2.897719096462646471e-01 2.893530706655971230e-01 2.886820039599146126e-01 2.877622770649062023e-01 2.865890148874532528e-01 2.851655237797808273e-01 2.834897629401222918e-01 2.815623233479364607e-01 2.793824428471552990e-01 2.769499332896537824e-01 2.742647001419290520e-01 2.713261365174109985e-01 2.681343254618712701e-01 2.646890142213650932e-01 2.609900773275465324e-01 2.570377639318030538e-01 2.528322151075325652e-01 2.483738457838927938e-01 2.436633701423514820e-01 2.387016578833786595e-01 2.334898966810181609e-01 2.280296631884033143e-01 2.223228684238230390e-01 2.163718430078676591e-01 2.101794237800019283e-01 2.037489527607324047e-01 1.970843232075824292e-01 1.901900637441996111e-01 1.830713677630115832e-01 1.757341234928676277e-01 1.681849705452420629e-01 1.604313352416116001e-01 1.524814382868455165e-01 1.443442957105779689e-01 1.360297010219053415e-01 1.275481485326034892e-01 1.189106930716023469e-01 1.101287131444192435e-01 1.012135116014899194e-01 9.217565269140161333e-02 8.302386415585989721e-02 7.376318527026680394e-02 6.439172617134310272e-02 5.489470473110204252e-02 4.523267162450955031e-02 3.531593188584990217e-02 2.494191072871949910e-02 1.361926624764665805e-02 0.000000000000000000e+00 0.000000000000000000e+00 5.947877094205062005e-03 1.405526309493202938e-02 2.322471545638178994e-02 3.280821863840559238e-02 4.253811943609659557e-02 5.230488208280116569e-02 6.205493157129532422e-02 7.175373395670106569e-02 8.137387008803452504e-02 9.089155096213608065e-02 1.002856995752715585e-01 1.095376735665750112e-01 1.186310776049017690e-01 1.275515598384052152e-01 1.362865802307614282e-01 1.448251848503351868e-01 1.531578038542146525e-01 1.612760717478690375e-01 1.691726815095655756e-01 1.768412601499425585e-01 1.842762673757708802e-01 1.914729092827286983e-01 1.984270653963514097e-01 2.051352243923835472e-01 2.115944272214189958e-01 2.178022150601092166e-01 2.237565814484571702e-01 2.294559275329880466e-01 2.348990198027882670e-01 2.400849503689848063e-01 2.450130989510392321e-01 2.496830971939468791e-01 2.540947946443773420e-01 2.582482267753333227e-01 2.621435849311036792e-01 2.657811880587459541e-01 2.691614565331094666e-01 2.722848877529273071e-01 2.751520337339037892e-01 2.777634806215332763e-01 2.801198299971593419e-01 2.822216821503860107e-01 2.840696211185904652e-01 2.856642015367656384e-01 2.870059373049144158e-01 2.880952919500107123e-01 2.889326707403573335e-01 2.895184144983681263e-01 2.898527950685322319e-01 2.899360124821391826e-01
2.804157788644783267e-01 2.800074931614843221e-01 2.793530305047080553e-01 2.784556447115662525e-01 2.773110296350738690e-01 2.759221368058585311e-01 2.742874016565109985e-01 2.724071719200814590e-01 2.702811883322836506e-01 2.679091406560186739e-01 2.652912356459045662e-01 2.624270844783970213e-01 2.593168413102562297e-01 2.559606003960949172e-01 2.523584049305661603e-01 2.485107020991417781e-01 2.444179466210609220e-01 2.400807576834811385e-01 2.355000838322244550e-01 2.306770813404854237e-01 2.256131619497318275e-01 2.203101278090413839e-01 2.147701334317038413e-01 2.089957142073584628e-01 2.029898803009291819e-01 1.967561388384732324e-01 1.902985080032425502e-01 1.836215838660710531e-01 1.767305819857494797e-01 1.696313527760778261e-01 1.623304100515788051e-01 1.548349609144880346e-01 1.471529007404177025e-01 1.392927863907098551e-01 1.312637920769605115e-01 1.230756115615512652e-01 1.147382860761457790e-01 1.062619322211334899e-01 9.765631174400038472e-02 8.893014926911234352e-02 8.009004087812966743e-02 7.113867592786077276e-02 6.207182735913722993e-02 5.287296910648723453e-02 4.350289497498201902e-02 3.387760414889420812e-02 2.381525320900468312e-02 1.289185252363127254e-02 0.000000000000000000e+00 0.000000000000000000e+00 4.851789411528805405e-03 1.345918029272982763e-02 2.271429557122029222e-02 3.208796590879478550e-02 4.148129961812115074e-02 5.086384792053558201e-02 6.021437920754751233e-02 6.951218081497324841e-02 7.873656194995563851e-02 8.786747986459539361e-02 9.688610354266546931e-02 1.057751389657481111e-01 1.145189516461307677e-01 1.231035560498503906e-01 1.315165163637046497e-01 1.397468161798431363e-01 1.477847180234007629e-01 1.556216263376967723e-01 1.632499670496516120e-01 1.706630789050581354e-01 1.778551210480120992e-01 1.848209916724564417e-01 1.915562576019206042e-01 1.980570916581002039e-01 2.043202166018755483e-01 2.103428541999938783e-01 2.161226781077658365e-01 2.216577703354303264e-01 2.269465801196908217e-01 2.319878855462531309e-01 2.367807570166325926e-01 2.413245229028193606e-01 2.456187370871224240e-01 2.496631482777329214e-01 2.534576713586192409e-01 2.570023603740539953e-01 2.602973834772953632e-01 2.633429996510465165e-01 2.661395371901506546e-01 2.686873740925280751e-01 2.709869201164606389e-01 2.730386006661554843e-01 2.748428424208986254e-01 2.764000606295646811e-01 2.777106481586161246e-01 2.787749661852973460e-01 2.795933365359387635e-01 2.801660356869154489e-01 2.804932903601876637e-01 2.805752747388269852e-01
2.713039991974244280e-01 2.709062608121498572e-01 2.702684435979784694e-01 2.693934682455125795e-01 2.682776456909567453e-01 2.669234756147694787e-01 2.653299297941265067e-01 2.634970956913551543e-01 2.614251307095749599e-01 2.591137098083325374e-01 2.565631978117592915e-01 2.537734827611960453e-01 2.507447621789049563e-01 2.474774011865034651e-01 2.439716514346272069e-01 2.402280986986333466e-01 2.362474662987447127e-01 2.320305822764015535e-01 2.275785762907460430e-01 2.228928453926944664e-01 2.179750105442574137e-01 2.128270515372872873e-01 2.074513171785218879e-01 2.018505186713483446e-01 1.960277980816741983e-01 1.899867781390403854e-01 1.837315664019023576e-01 1.772667929617094962e-01 1.705976576991269922e-01 1.637299450517601951e-01 1.566700307001067383e-01 1.494248997876854168e-01 1.420021398309552763e-01 1.344099014450682861e-01 1.266568395547608139e-01 1.187520141947928237e-01 1.107047247779682358e-01 1.025242585786259319e-01 9.421951945096862513e-02 8.579848151721039540e-02 7.726738727368458182e-02 6.862958732283661045e-02 5.988389991653408906e-02 5.102243584222108247e-02 4.202834673468377330e-02 3.287637495682822070e-02 2.354971363149664654e-02 1.413299486865809453e-02 5.245654150595119476e-03 0.000000000000000000e+00 0.000000000000000000e+00 1.221514414570053567e-02 2.208503568552983715e-02 3.134772610910807611e-02 4.043490772523367777e-02 4.945444202473078116e-02 5.842613867258049376e-02 6.734360155501581402e-02 7.619224167576399420e-02 8.495520226424323196e-02 9.361557040591753087e-02 1.021572762248295629e-01 1.105654613891821486e-01 1.188266015873155612e-01 1.269284973800644811e-01 1.348602109793287374e-01 1.426119723667812478e-01 1.501750782855201249e-01 1.575417948969257409e-01 1.647052659637213978e-01 1.716594308513874345e-01 1.783989505404748321e-01 1.849191416421891165e-01 1.912159171873995533e-01 1.972857327575675557e-01 2.031255376289792247e-01 2.087327292747126473e-01 2.141051114613102546e-01 2.192408547446283440e-01 2.241384595514854250e-01 2.287967213445453174e-01 2.332146976834476026e-01 2.373916773502867672e-01 2.413271510512048357e-01 2.450207840982881469e-01 2.484723907212030292e-01 2.516819101147397264e-01 2.546493842844568811e-01 2.573749374754930597e-01 2.598587574052823035e-01 2.621010781244949017e-01 2.641021645310225319e-01 2.658622985921373361e-01 2.673817671366346405e-01 2.686608512865620302e-01 2.696998175018940347e-01 2.704989101737083068e-01 2.710583458108916100e-01 2.713783087798686267e-01 2.714589485808235336e-01
2.624306325184455613e-01 2.620434071062113235e-01 2.614222282855312440e-01 2.605696797182409652e-01 2.594826988072949647e-01 2.581632995866884883e-01 2.566109778479565007e-01 2.548256080726264416e-01 2.528076425166959629e-01 2.505568469942791587e-01 2.480736406970859842e-01 2.453581932933207033e-01 2.424107621096651954e-01 2.392318995278345239e-01 2.358220829238190652e-01 2.321820133108499495e-01 2.283126229104271154e-01 2.242149464285610461e-01 2.198902647011106715e-01 2.153401631618065415e-01 2.105664529653183681e-01 2.055712605598059850e-01 2.003570816449119774e-01 1.949267715285983027e-01 1.892835751469702787e-01 1.834311899886143793e-01 1.773737783187927242e-01 1.711159805158020686e-01 1.646629552919813833e-01 1.580204002426416066e-01 1.511945491929795327e-01 1.441921759237400069e-01 1.370205885387145162e-01 1.296875914140872554e-01 1.222014253973116304e-01 1.145706805849231319e-01 1.068041629861511133e-01 9.891070266656221133e-02 9.089889444334262047e-02 8.277676262931445150e-02 7.455135489760528200e-02 6.622832467626524333e-02 5.781171102885827862e-02 4.930451298752704103e-02 4.071168964917731142e-02 3.204986603922681948e-02 2.337428189358674996e-02 1.484481901108027774e-02 6.849651861455715793e-03 0.000000000000000000e+00 4.950044971063504579e-03 1.331607193024397784e-02 2.206268108885076421e-02 3.078267376892394533e-02 3.945581239176576549e-02 4.809249377702670691e-02 5.669172394278765292e-02 6.524340891495600259e-02 7.373313694841639176e-02 8.214502860886696567e-02 9.046318637880966518e-02 9.867239633623919870e-02 1.067584571259718451e-01 1.147083103509696084e-01 1.225100593925528558e-01 1.301529378376889978e-01 1.376272437453838204e-01 1.449242643332095126e-01 1.520361970870404145e-01 1.589560732339329596e-01 1.656776861417379176e-01 1.721955255408815777e-01 1.785047171267516719e-01 1.846009677951686578e-01 1.904805150608886444e-01 1.961400809247797472e-01 2.015768287691785121e-01 2.067883234392990655e-01 2.117724937863258439e-01 2.165275974155147498e-01 2.210521876785037088e-01 2.253450823120604629e-01 2.294053341283576741e-01 2.332322032314667060e-01 2.368251310003575971e-01 2.401837157550151813e-01 2.433076899394940873e-01 2.461968990548661917e-01 2.488512820969719375e-01 2.512708536175577434e-01 2.534556874010137073e-01 2.554059016469645838e-01 2.571216457732128369e-01 2.586030887401274958e-01 2.598504088870859374e-01 2.608637853282471109e-01 2.616433908293075428e-01 2.621893861849444174e-01 2.625019161032786652e-01 2.625811065570391456e-01
2.537897068443463189e-01 2.534129351829541577e-01 2.528083448853229442e-01 2.519781913830436149e-01 2.509200165855492992e-01 2.496353645844900382e-01 2.481241918705021088e-01 2.463862426957057483e-01 2.444221387576178683e-01 2.422318149941397047e-01 2.398156901552079279e-01 2.371741775326656754e-01 2.343076300033313797e-01 2.312167188838787635e-01 2.279021357102380130e-01 2.243646974143728989e-01 2.206054887471707304e-01 2.166257337812115269e-01 2.124268511590318431e-01 2.080105675562200773e-01 2.033788563990483744e-01 1.985339706519256286e-01 1.934785139751199756e-01 1.882154507319087344e-01 1.827481059952837383e-01 1.770802216639438542e-01 1.712159824925162666e-01 1.651600195103076485e-01 1.589174344207390788e-01 1.524938241191479693e-01 1.458952798882526269e-01 1.391283801217279015e-01 1.322001852594114624e-01 1.251182093428648834e-01 1.178903705630060528e-01 1.105249239179053322e-01 1.030303713712929503e-01 9.541534411174028285e-02 8.768846470748371813e-02 7.985821454931568697e-02 7.193286267322002159e-02 6.392058534736148878e-02 5.583006855733642360e-02 4.767219956537739611e-02 3.946403851718539163e-02 3.123714326854954218e-02 2.305277171061866082e-02 1.502240224361871268e-02 7.308194915148434959e-03 0.000000000000000000e+00 6.483872540180724703e-03 1.403615334579850701e-02 2.206665532571687807e-02 3.026416117295451305e-02 3.851283159540415391e-02 4.676762594594741779e-02 5.500445644587860505e-02 6.320474758487229505e-02 7.135141615465667719e-02 7.942811256290881194e-02 8.741924915106451255e-02 9.531014105893854949e-02 1.030871149590707331e-01 1.107375559154373801e-01 1.182499052698276071e-01 1.256136315425400163e-01 1.328191770325300447e-01 1.398578981497733131e-01 1.467220001793952955e-01 1.534044733793813453e-01 1.598990310525707226e-01 1.662000518377710345e-01 1.723025254989498656e-01 1.782020030885038409e-01 1.838945504330309344e-01 1.893767051638489962e-01 1.946454365687362575e-01 1.996981080000899134e-01 2.045324417469084333e-01 2.091464857280855849e-01 2.135385823697560359e-01 2.177073390205134795e-01 2.216516001975445405e-01 2.253704214070444967e-01 2.288630444655935237e-01 2.321288744995778641e-01 2.351674583310935374e-01 2.379784644630253410e-01 2.405616645551291455e-01 2.429169163376165008e-01 2.450441480856212495e-01 2.469433445122142523e-01 2.486145341501198869e-01 2.500577782148343253e-01 2.512731608771266445e-01 2.522607810060139011e-01 2.530207453434881182e-01 2.535531630877375098e-01 2.538581419162091457e-01 2.539357854198918685e-01
2.453752322627869298e-01 2.450088335690158436e-01 2.444207444662660211e-01 2.436129106795503207e-01 2.425834334227409683e-01 2.413334370994949796e-01 2.398632463603405096e-01 2.381725678782384836e-01 2.362620866042842993e-01 2.341319460592701518e-01 2.317825531800358774e-01 2.292145036919668311e-01 2.264282789778614413e-01 2.234246270751049646e-01 2.202044194350484818e-01 2.167685975333323301e-01 2.131183570845779363e-01 2.092550806921817386e-01 2.051803173611254083e-01 2.008959001289792046e-01 1.964039303000332803e-01 1.917067703128142730e-01 1.868071035953253745e-01 1.817079687321917769e-01 1.764127492406531994e-01 1.709252098482601512e-01 1.652495307473108854e-01 1.593903149065771241e-01 1.533525966492857162e-01 1.471418642539554233e-01 1.407640660737040084e-01 1.342255999035172620e-01 1.275333072519940769e-01 1.206944565876805348e-01 1.137167104391653694e-01 1.066080818318267676e-01 9.937688629527019479e-02 9.203169162809801684e-02 8.458128088951751000e-02 7.703466551494395076e-02 6.940121545548638693e-02 6.169102669654043941e-02 5.391574077859442871e-02 4.609016161119080385e-02 3.823512546648345778e-02 3.038191983561641316e-02 2.257729985469747805e-02 1.488387921177866668e-02 7.360796656357635089e-03 0.000000000000000000e+00 6.949087530751007873e-03 1.427776925941809730e-02 2.190335006948468735e-02 2.969417916895895904e-02 3.756339339853805026e-02 4.546036090721781303e-02 5.335334054479706767e-02 6.121929382869381597e-02 6.903922675646387286e-02 7.679629221394276839e-02 8.447506790191050552e-02 9.206129257595581372e-02 9.954177367957200984e-02 1.069043396701866433e-01 1.141378019500112473e-01 1.212319149456003164e-01 1.281773263500039506e-01 1.349655262356733998e-01 1.415887919756798619e-01 1.480401344420869958e-01 1.543132449048716937e-01 1.604024448407472547e-01 1.663026381189853797e-01 1.720092662685791529e-01 1.775182664791309650e-01 1.828260321351958262e-01 1.879293759459670921e-01 1.928254950126493950e-01 1.975119381745105707e-01 2.019865749258110688e-01 2.062475662201703197e-01 2.102933368125729230e-01 2.141225491047932250e-01 2.177340785900534204e-01 2.211269905950850045e-01 2.243005185767403264e-01 2.272540437634457400e-01 2.299870761909444394e-01 2.324992372042103961e-01 2.347902432664843719e-01 2.368598912104661891e-01 2.387080448623616347e-01 2.403346230192924815e-01 2.417395888403215953e-01 2.429229405792724394e-01 2.438847036802249957e-01 2.446249242498207133e-01 2.451436638629116704e-01 2.454409957226450223e-01 2.455170021765628596e-01
2.371812153674031642e-01 2.368250904119976741e-01 2.362533827802431874e-01 2.354677538350220534e-01 2.344668035800038797e-01 2.332513073137966186e-01 2.318218551259363658e-01 2.301781995725238894e-01 2.283210140398085342e-01 2.262506520885144146e-01 2.239675268346245085e-01 2.214723518468342811e-01 2.187657535061955094e-01 2.158485398658401833e-01 2.127217177259363712e-01 2.093863567076629240e-01 2.058437394512143137e-01 2.020953701939314229e-01 1.981429180038932480e-01 1.939883002174689619e-01 1.896337111429022282e-01 1.850816034303907620e-01 1.803347207274326458e-01 1.753961455482139775e-01 1.702692969750631002e-01 1.649579460238389250e-01 1.594662478430294017e-01 1.537987591576153168e-01 1.479604381547533765e-01 1.419566602383346421e-01 1.357932299558997913e-01 1.294763744026103947e-01 1.230127373912602018e-01 1.164093721728565178e-01 1.096737260827130578e-01 1.028136205875962300e-01 9.583723631378343599e-02 8.875311312682043763e-02 8.157018064403112612e-02 7.429785114410664137e-02 6.694622835854414922e-02 5.952650781984596823e-02 5.205166948848636427e-02 4.453756390306955887e-02 3.700438492150063402e-02 2.947813267965431958e-02 2.199066846178288764e-02 1.457507506276062986e-02 7.251187141037880243e-03 0.000000000000000000e+00 7.034513075980107673e-03 1.422225361604913772e-02 2.157453149738783674e-02 2.904551687759805365e-02 3.658587804496520046e-02 4.415673268311915561e-02 5.172887354752352812e-02 5.927945619299092306e-02 6.678947580642886905e-02 7.424230957229852046e-02 8.162296140634063557e-02 8.891768982078077088e-02 9.611382882230722069e-02 1.031996878077102303e-01 1.101644900380065462e-01 1.169983235911197933e-01 1.236920939309376771e-01 1.302374789913705866e-01 1.366268825357875860e-01 1.428533887657478241e-01 1.489107173711728405e-01 1.547931803141442408e-01 1.604956403625479033e-01 1.660134715176872222e-01 1.713425216850351096e-01 1.764790769952317706e-01 1.814198283377925769e-01 1.861618393726657550e-01 1.907025164174367682e-01 1.950395797878992921e-01 1.991710365997631516e-01 2.030951551016008938e-01 2.068104402117383889e-01 2.103156105602455861e-01 2.136095767293993974e-01 2.166914208324761393e-01 2.195603774214691106e-01 2.222158156051372291e-01 2.246572225438590031e-01 2.268841881856451526e-01 2.288963912905929154e-01 2.306935867802601681e-01 2.322755943357710795e-01 2.336422883071838652e-01 2.347935889130084441e-01 2.357294547025067244e-01 2.364498763195160835e-01 2.369548715392871263e-01 2.372444815720400335e-01 2.373187686550539965e-01
2.292016722728661415e-01 2.288557062863632308e-01 2.283002327345907967e-01 2.275366581304614777e-01 2.265640125673319127e-01 2.253828009689519962e-01 2.239937805700514539e-01 2.223968125325442857e-01 2.205925178079926052e-01 2.185814323327611719e-01 2.163640063367746058e-01 2.139410178266014095e-01 2.113132341601261510e-01 2.084815241716792000e-01 2.054469874225713366e-01 2.022108139744588917e-01 1.987743627344174535e-01 1.951392249621093089e-01 1.913071727406783773e-01 1.872801943390043078e-01 1.830605472635257747e-01 1.786507516177758270e-01 1.740535961104301976e-01 1.692721838532742218e-01 1.643099461698128150e-01 1.591706453184672243e-01 1.538583967237726058e-01 1.483776943680455984e-01 1.427334108948216940e-01 1.369308054864921687e-01 1.309755374236070691e-01 1.248736671503658524e-01 1.186316523726583250e-01 1.122563470975132260e-01 1.057550007429791383e-01 9.913525768675125749e-02 9.240516542876520134e-02 8.557320563436671135e-02 7.864836000069304334e-02 7.164023298403499052e-02 6.455926255131741454e-02 5.741705073472953835e-02 5.022682964226424240e-02 4.300402328908777688e-02 3.576672047908795865e-02 2.853557901029427427e-02 2.133220586498316834e-02 1.417462281072931485e-02 7.068952305582996282e-03 0.000000000000000000e+00 6.966520368685745479e-03 1.400197602670046060e-02 2.112674923076329411e-02 2.832719274757244249e-02 3.557755481252023594e-02 4.285147715798293122e-02 5.012559763008392344e-02 5.737978820424867454e-02 6.459649343336530680e-02 7.176006874707512029e-02 7.885631461483667837e-02 8.587219195725566412e-02 9.279565865657948831e-02 9.961556750231308210e-02 1.063216032705206482e-01 1.129042339152954016e-01 1.193546686284654434e-01 1.256648192049096002e-01 1.318272615405718939e-01 1.378351979059849741e-01 1.436824196910924112e-01 1.493632708179662427e-01 1.548726124218038902e-01 1.602057884649473463e-01 1.653585930272167270e-01 1.703272386195417987e-01 1.751083261352228970e-01 1.796988159914606198e-01 1.840960006086547751e-01 1.882974782561132043e-01 1.923011279518977157e-01 1.961050857761289234e-01 1.997077221986476303e-01 2.031076206875136736e-01 2.063035574809548578e-01 2.092944824661475134e-01 2.120795013259077488e-01 2.146578587775302138e-01 2.170289230360234189e-01 2.191921714789798192e-01 2.211471774587289996e-01 2.228935983574858448e-01 2.244311648217791055e-01 2.257596711922712218e-01 2.268789671614759584e-01 2.277889506165469424e-01 2.284895616923552364e-01 2.289807780380602176e-01 2.292626112735673405e-01 2.293351046544679084e-01
2.214306402836474230e-01 2.210947056489818707e-01 2.205552954939284938e-01 2.198135928789235471e-01 2.188689870374906921e-01 2.177217899520380584e-01 2.163728417510954738e-01 2.148221496165285960e-01 2.130702707657113892e-01 2.111178791237843799e-01 2.089654918763061142e-01 2.066139164638546855e-01 2.040640402158255262e-01 2.013168004932765487e-01 1.983733571464718348e-01 1.952350020125014629e-01 1.919031658121860551e-01 1.883795000417420040e-01 1.846658569640697301e-01 1.807642855298860762e-01 1.766770843398278723e-01 1.724068166417032089e-01 1.679563015889514455e-01 1.633286461822592017e-01 1.585272723901249570e-01 1.535559182633304820e-01 1.484186483616795060e-01 1.431198802243928148e-01 1.376643904465214008e-01 1.320573174531124716e-01 1.263041729380042777e-01 1.204108496633505831e-01 1.143836216095434344e-01 1.082291472125893883e-01 1.019544775217261084e-01 9.556706913644306967e-02 8.907480695235171775e-02 8.248604946055509979e-02 7.580970680027093733e-02 6.905536427456583637e-02 6.223346392978448827e-02 5.535554854593570384e-02 4.843454040842141983e-02 4.148496356354747228e-02 3.452289780034621669e-02 2.756527845819720102e-02 2.062799262676845088e-02 1.372231522447086086e-02 6.850074333680964203e-03 0.000000000000000000e+00 6.829405383694397633e-03 1.369216256977836763e-02 2.060304814413281213e-02 2.755867252523610395e-02 3.454536607971095408e-02 4.154569223912116943e-02 4.854189467500063387e-02 5.551722305636184324e-02 6.245623540158581899e-02 6.934472909546049446e-02 7.616958524055000845e-02 8.291863342798580505e-02 8.958055441995550761e-02 9.614480919996234998e-02 1.026015924003708391e-01 1.089417934710409791e-01 1.151569643918883279e-01 1.212392890608252338e-01 1.271815533147546140e-01 1.329771147847551571e-01 1.386198730180663308e-01 1.441042393553504941e-01 1.494251074877646634e-01 1.545778242533865643e-01 1.595581613968393708e-01 1.643622879625795397e-01 1.689867436378579557e-01 1.734284130793534995e-01 1.776845010453861617e-01 1.817525087225082825e-01 1.856302108196712097e-01 1.893156338174238063e-01 1.928070351439652719e-01 1.961028833448005548e-01 1.992018393662459419e-01 2.021027387680804088e-01 2.048045750686876831e-01 2.073064841209202036e-01 2.096077295408645680e-01 2.117076892775530683e-01 2.136058432297746057e-01 2.153017619904520619e-01 2.167950967143760233e-01 2.180855700787486251e-01 2.191729683870215495e-01 2.200571347963661550e-01 2.207379636640585396e-01 2.212153960372216510e-01 2.214894162674715672e-01 2.215600497512189293e-01
2.138621882908915139e-01 2.135361470221652236e-01 2.130126103001451221e-01 2.122925691663477832e-01 2.113757033671131436e-01 2.102622015533310851e-01 2.089529214692351644e-01 2.074480293051895463e-01 2.057480285599885828e-01 2.038536821618952000e-01 2.017655938999122767e-01 1.994845844299501791e-01 1.970116306263188510e-01 1.943477442096996355e-01 1.914941256110203049e-01 1.884521434189524725e-01 1.852232953776568880e-01 1.818092756756138906e-01 1.782119919265180708e-01 1.744335423555251896e-01 1.704762516316778720e-01 1.663427034135629146e-01 1.620357313513771935e-01 1.575584339698582748e-01 1.529142058746961463e-01 1.481067450346325587e-01 1.431400551262803078e-01 1.380184664751115953e-01 1.327466488014727997e-01 1.273296132232416555e-01 1.217727200999716430e-01 1.160816899356862664e-01 1.102626084627265773e-01 1.043219328635105886e-01 9.826650370598126460e-02 9.210356495865443249e-02 8.584079365209441870e-02 7.948634786348500458e-02 7.304894290114596900e-02 6.653796242671373984e-02 5.996360873285735971e-02 5.333708661748255003e-02 4.667078650562805214e-02 3.997837813737846469e-02 3.327463234912807211e-02 2.657466596961991639e-02 1.989221021345914317e-02 1.323662782454354883e-02 6.609103851378457170e-03 0.000000000000000000e+00 6.658755573515351238e-03 1.333400813347282790e-02 2.003436680954080382e-02 2.675881364750770999e-02 3.349924843370772481e-02 4.024370936676441302e-02 4.697871889265220480e-02 5.369060229896030489e-02 6.036610203690719739e-02 6.699261048755573988e-02 7.355822534158468207e-02 8.005174385264823833e-02 8.646263790296578045e-02 9.278102547016181534e-02 9.899764872437782914e-02 1.051038512800686470e-01 1.110915584174955867e-01 1.169532561905756163e-01 1.226819703676808315e-01 1.282712440295048495e-01 1.337151147840710541e-01 1.390080910018350602e-01 1.441451279573154054e-01 1.491216037286372809e-01 1.539332952567383228e-01 1.585763547624659542e-01 1.630472864496468333e-01 1.673429239485431652e-01 1.714604081537006997e-01 1.753971659485012990e-01 1.791508895402244006e-01 1.827195166052818787e-01 1.861012113039592630e-01 1.892943460290560931e-01 1.922974841481357167e-01 1.951093635706848406e-01 1.977288812616581626e-01 2.001550787363611250e-01 2.023871284653279146e-01 2.044243213164656792e-01 2.062660549794126941e-01 2.079118233935679516e-01 2.093612072314801620e-01 2.106138653972820518e-01 2.116695275700736789e-01 2.125279878094563091e-01 2.131890992010725683e-01 2.136527695646281977e-01 2.139189582251238564e-01 2.139876738340354412e-01
2.064904259720322932e-01 2.061741319815209861e-01 2.056662630976497930e-01 2.049676484102627705e-01 2.040781950801709987e-01 2.029980264003005686e-01 2.017279725237523524e-01 2.002683516290569288e-01 1.986196354787899687e-01 1.967826318133791830e-01 1.947580368160027886e-01 1.925466826233084849e-01 1.901496039110121827e-01 1.875678855599701711e-01 1.848027597254559840e-01 1.818556461745932662e-01 1.787281008072205413e-01 1.754218502306759409e-01 1.719388347145075768e-01 1.682811875313172112e-01 1.644512488052671806e-01 1.604516038534626599e-01 1.562850837998860376e-01 1.519547679745066604e-01 1.474640097527687710e-01 1.428164518519246529e-01 1.380160266673503000e-01 1.330669686449246769e-01 1.279738305502445550e-01 1.227414879815890841e-01 1.173751443959323293e-01 1.118803414914005673e-01 1.062629681883485999e-01 1.005292688225188913e-01 9.468585547152065518e-02 8.873972914949153357e-02 8.269830963432479864e-02 7.656947901904972986e-02 7.036164734458112691e-02 6.408384590497870348e-02 5.774585300656345094e-02 5.135835225508823126e-02 4.493310900583013384e-02 3.848311659321532185e-02 3.202259187792279305e-02 2.556656474630375833e-02 1.912959350617365190e-02 1.272293799867336983e-02 6.349785929111912558e-03 0.000000000000000000e+00 6.471429983971839668e-03 1.295054056431595331e-02 1.944136262081228028e-02 2.594270510482995021e-02 3.244881701929845652e-02 3.895086560885517579e-02 4.543833225171876183e-02 5.190000435384526517e-02 5.832457740805159496e-02 6.470098067967305910e-02 7.101853589939269296e-02 7.726703341184357199e-02 8.343676281598307043e-02 8.951852302046978127e-02 9.550362509635915154e-02 1.013838873549864211e-01 1.071516288805973854e-01 1.127996591941197446e-01 1.183212661388059472e-01 1.237102012713635485e-01 1.289606638433501706e-01 1.340672832113598834e-01 1.390251002700237937e-01 1.438295482572596318e-01 1.484764329539940697e-01 1.529619129395126398e-01 1.572824796086728649e-01 1.614349375805093356e-01 1.654163852454728634e-01 1.692241957941212072e-01 1.728559987633012940e-01 1.763096620554855942e-01 1.795832747233108984e-01 1.826751303117096770e-01 1.855837110017647396e-01 1.883076725186393907e-01 1.908458298005884513e-01 1.931971435696416273e-01 1.953607077171339579e-01 1.973357375931161506e-01 1.991215592211281193e-01 2.007175994106967509e-01 2.021233768353797589e-01 2.033384940645878991e-01 2.043626305461362924e-01 2.051955365779761509e-01 2.058370282543032226e-01 2.062869833914514617e-01 2.065453384500527956e-01 2.066120864409183300e-01
1.993095118676475597e-01 1.990028130249357763e-01 1.985103940481074969e-01 1.978329497973439488e-01 1.969705592434602970e-01 1.959233251191295211e-01 1.946920232099324799e-01 1.932771027536874242e-01 1.916790293344292906e-01 1.898986217251542596e-01 1.879366612601802156e-01 1.857939979503336614e-01 1.834716974046448623e-01 1.809709083731989854e-01 1.782928923482372530e-01 1.754390987492729648e-01 1.724111281572419385e-01 1.692107330383796626e-01 1.658398684178997995e-01 1.623006863038817804e-01 1.585955330802407970e-01 1.547269816905925688e-01 1.506978441566788618e-01 1.465111696963287136e-01 1.421702599688503543e-01 1.376786892198327839e-01 1.330403075469386853e-01 1.282592457989434609e-01 1.233399310883575017e-01 1.182870946262202932e-01 1.131057758061986551e-01 1.078013301576159211e-01 1.023794397307544735e-01 9.684612218833307806e-02 9.120774185905178300e-02 8.547102732630439126e-02 7.964309624308772706e-02 7.373148917372637778e-02 6.774421800719952758e-02 6.168983598292721027e-02 5.557753880589749729e-02 4.941731226329951210e-02 4.322015052508355187e-02 3.699837508960464316e-02 3.076605911105287361e-02 2.453943000531358734e-02 1.833670009646862220e-02 1.217579999689411170e-02 6.067172976241604065e-03 0.000000000000000000e+00 6.276249445629712188e-03 1.255516005763822850e-02 1.883760990249962533e-02 2.512157298007284753e-02 3.140216980615594122e-02 3.767230070039334633e-02 4.392341294627052223e-02 5.014615529480371398e-02 5.633085126038643586e-02 6.246780578968361142e-02 6.854749080571824471e-02 7.456065853999366277e-02 8.049840529190892269e-02 8.635220952817816709e-02 9.211395490529455943e-02 9.777594168429076804e-02 1.033308926648677378e-01 1.087719532057088573e-01 1.140926876198360279e-01 1.192870721030301617e-01 1.243494850750589825e-01 1.292746954258378600e-01 1.340578489351743063e-01 1.386944536586430798e-01 1.431803641007668992e-01 1.475117650357141152e-01 1.516851547459925897e-01 1.556973282105951761e-01 1.595453602837255680e-01 1.632265889455965513e-01 1.667385989573216543e-01 1.700792057359871712e-01 1.732464398109888337e-01 1.762385317419438158e-01 1.790538976195775733e-01 1.816911252645803942e-01 1.841489610449389969e-01 1.864262974730455935e-01 1.885221615554544261e-01 1.904357039151464981e-01 1.921661887658005496e-01 1.937129847051441978e-01 1.950755563719691887e-01 1.962534569951177865e-01 1.972463218150589948e-01 1.980538624113591106e-01 1.986758619437197781e-01 1.991121712975423563e-01 1.993627061521302257e-01 1.994274449709730335e-01
1.923136604093122481e-01 1.920164003977594125e-01 1.915392040154789977e-01 1.908826566658708423e-01 1.900469619393253817e-01 1.890322338109804157e-01 1.878391820743513796e-01 1.864683584760011004e-01 1.849202452988620016e-01 1.831956509162120939e-01 1.812954251766221436e-01 1.792204443341629816e-01 1.769717861312429807e-01 1.745506477789734723e-01 1.719583195055263414e-01 1.691962651009349672e-01 1.662661135384150002e-01 1.631696369597508967e-01 1.599087926090003164e-01 1.564857348436171913e-01 1.529028065128866243e-01 1.491625580585021482e-01 1.452677679048908210e-01 1.412214435519174582e-01 1.370268264281642168e-01 1.326874116653401492e-01 1.282069561250739620e-01 1.235894794502837846e-01 1.188392757824594526e-01 1.139609235038407664e-01 1.089592900165512190e-01 1.038395372078464163e-01 9.860713064851632514e-02 9.326784841906511636e-02 8.782779001496439364e-02 8.229338775245019499e-02 7.667142301444937469e-02 7.096904574603385418e-02 6.519379972212357988e-02 5.935365943466801991e-02 5.345709036006532355e-02 4.751316168065072149e-02 4.153177752241234144e-02 3.552416333156752093e-02 2.950384585360952758e-02 2.348841919917605409e-02 1.750201613907465328e-02 1.157644363614430787e-02 5.743175440866002228e-03 0.000000000000000000e+00 6.078237966037884459e-03 1.215604441942109634e-02 1.823212235055413424e-02 2.430356038001531271e-02 3.036571773797336685e-02 3.641246036883707959e-02 4.243654600082674005e-02 4.843001304240510119e-02 5.438450630843016248e-02 6.029151888988900504e-02 6.614256204865365252e-02 7.192928479293317356e-02 7.764355200415731795e-02 8.327749946541031234e-02 8.882357115714163698e-02 9.427454392922005044e-02 9.962354399023777562e-02 1.048640562805865512e-01 1.099899285810807814e-01 1.149953713815492773e-01 1.198749540815848419e-01 1.246235985659453482e-01 1.292365702667822858e-01 1.337094677045282121e-01 1.380382104165908674e-01 1.422190260317792720e-01 1.462484365609357240e-01 1.501232441790890382e-01 1.538405168719415572e-01 1.573975738309446593e-01 1.607919710690406678e-01 1.640214871093479965e-01 1.670841090160585241e-01 1.699780188256355684e-01 1.727015803704467778e-01 1.752533266970972559e-01 1.776319480127023509e-01 1.798362802670653848e-01 1.818652944278777162e-01 1.837180864242748957e-01 1.853938678471484247e-01 1.868919574075143808e-01 1.882117731626416213e-01 1.893528255608133426e-01 1.903147112956412590e-01 1.910971079828037711e-01 1.916997696855657074e-01 1.921225232797506843e-01 1.923652656664043004e-01 1.924279618433250016e-01
1.854971479707254456e-01 1.852091679477523845e-01 1.847469600986688387e-01 1.841110219029712669e-01 1.833016429000594583e-01 1.823189684529028243e-01 1.811636419250775010e-01 1.798362868540916704e-01 1.783374186883319168e-01 1.766678253904125917e-01 1.748284040035418818e-01 1.728200628599504129e-01 1.706438813988521430e-01 1.683010871991989510e-01 1.657929969629232947e-01 1.631210796303342314e-01 1.602869761638505697e-01 1.572924705901119491e-01 1.541395140709765910e-01 1.508302488747289005e-01 1.473670033663757595e-01 1.437522976537497499e-01 1.399888650700433224e-01 1.360796597120887408e-01 1.320278549586204886e-01 1.278368586014747565e-01 1.235103243881941065e-01 1.190521530485151858e-01 1.144664994166405825e-01 1.097577817690629509e-01 1.049306878533398102e-01 9.999017882890483266e-02 9.494149581581168285e-02 8.979016729992478352e-02 8.454201551113106616e-02 7.920316150617709439e-02 7.378003109361866430e-02 6.827935759189206200e-02 6.270817971810625779e-02 5.707383316822123298e-02 5.138394062046529320e-02 4.564642315930102917e-02 3.986960839189701566e-02 3.406264572910707583e-02 2.823674953009996588e-02 2.240840903067363790e-02 1.660654165435015636e-02 1.088483769311509620e-02 5.329153127621092181e-03 0.000000000000000000e+00 5.880492876061332169e-03 1.175846696344487290e-02 1.763105953791066841e-02 2.349458904386049138e-02 2.934441779966821817e-02 3.517499182558313231e-02 4.097998967856030655e-02 4.675251545157260713e-02 5.248529268447570117e-02 5.817083144020787633e-02 6.380156502810624408e-02 6.936995932069381365e-02 7.486859345987237346e-02 8.029022337548931409e-02 8.562782832378980358e-02 9.087464551802203194e-02 9.602419511722540268e-02 1.010702975180869934e-01 1.060070841775514472e-01 1.108290035588921918e-01 1.155308225925380516e-01 1.201076249449471584e-01 1.245548063070085199e-01 1.288680676094184907e-01 1.330434064014980322e-01 1.370771068624073163e-01 1.409657288881167037e-01 1.447060962884736957e-01 1.482952846762351229e-01 1.517306089081364440e-01 1.550096105008373915e-01 1.581300450466637530e-01 1.610898697354916920e-01 1.638872312003603615e-01 1.665204536248200140e-01 1.689880273062374372e-01 1.712885976879622851e-01 1.734209548945901680e-01 1.753840238814471930e-01 1.771768551797174296e-01 1.787986162943586421e-01 1.802485837996038176e-01 1.815261361242649640e-01 1.826307470726644122e-01 1.835619800973951332e-01 1.843194833205702154e-01 1.849029853329101358e-01 1.853122917733780739e-01 1.855472826868982128e-01 1.856079106741498064e-01
1.788543180123150778e-01 1.785754580813508630e-01 1.781280002855585576e-01 1.775123724289024707e-01 1.767289193723323160e-01 1.757778283429605459e-01 1.746596830921551824e-01 1.733751501440773668e-01 1.719247867656622797e-01 1.703093592487279762e-01 1.685297902191608688e-01 1.665870210652778127e-01 1.644821290951194448e-01 1.622163548987750892e-01 1.597910361548783853e-01 1.572076420329684143e-01 1.544678113133360897e-01 1.515733301460233107e-01 1.485261376404824474e-01 1.453283526647395352e-01 1.419822776313054702e-01 1.384903952523980353e-01 1.348553852417959109e-01 1.310801375833208215e-01 1.271677498398076089e-01 1.231215359744398247e-01 1.189450385095602025e-01 1.146420317971195701e-01 1.102165256044194686e-01 1.056727722428625060e-01 1.010152732274926107e-01 9.624878273313462740e-02 9.137831148286575111e-02 8.640913197529882794e-02 8.134678257972724480e-02 7.619706788793759178e-02 7.096605556410386095e-02 6.566006446262584451e-02 6.028563625743438292e-02 5.484947771702193553e-02 4.935835766380076289e-02 4.381894093243529631e-02 3.823756307883896532e-02 3.262005437165441807e-02 2.697210687364777135e-02 2.130195158137620018e-02 1.563094542921309935e-02 1.002726838205270608e-02 4.688666765772914018e-03 0.000000000000000000e+00 5.685106129658152804e-03 1.136608620701771988e-02 1.703885099992387409e-02 2.269908627351219232e-02 2.834211804678703206e-02 3.396282295110776561e-02 3.955560694586553877e-02 4.511444761616908994e-02 5.063297891474974333e-02 5.610459066663001093e-02 6.152253072640248566e-02 6.687999926783948224e-02 7.217022729714583917e-02 7.738654399395729355e-02 8.252242929073703992e-02 8.757155576599075231e-02 9.252782031897888171e-02 9.738536784459603246e-02 1.021386076947444210e-01 1.067822246907458861e-01 1.113111851431209803e-01 1.157207391050843609e-01 1.200064193765799508e-01 1.241640378984642246e-01 1.281896801788087459e-01 1.320796979275671301e-01 1.358307006145269835e-01 1.394395458923463338e-01 1.429033294783616515e-01 1.462193745008250334e-01 1.493852205630696317e-01 1.523986127533610013e-01 1.552574905812457162e-01 1.579599771228372418e-01 1.605043683531519605e-01 1.628891227878697112e-01 1.651128515360812121e-01 1.671743087571242181e-01 1.690723826331658186e-01 1.708060868822699752e-01 1.723745528304282126e-01 1.737770221106136881e-01 1.750128399908921772e-01 1.760814493561256577e-01 1.769823853799317170e-01 1.777152708832739625e-01 1.782798123985600836e-01 1.786757969555965997e-01 1.789030895841589863e-01 1.789616315412300984e-01
1.723795853871317729e-01 1.721096858902490812e-01 1.716767372985652240e-01 1.710811128414123361e-01 1.703231892687201154e-01 1.694031987082912083e-01 1.683216759462242973e-01 1.670793061658262524e-01 1.656766896771237063e-01 1.641145752584011186e-01 1.623938924366086223e-01 1.605156114703642223e-01 1.584808076166546176e-01 1.562907202927793227e-01 1.539466995779603664e-01 1.514502119546328185e-01 1.488028833512220206e-01 1.460064911646489771e-01 1.430629570478385570e-01 1.399743683807053163e-01 1.367429908053249543e-01 1.333712624714903927e-01 1.298618031748079438e-01 1.262174299183907722e-01 1.224411567948376495e-01 1.185361984368801525e-01 1.145059799807124357e-01 1.103541427530227853e-01 1.060845461384334887e-01 1.017012719038533353e-01 9.720863022885459226e-02 9.261116320654506906e-02 8.791364701159795625e-02 8.312109495459893416e-02 7.823876006671619254e-02 7.327213343692662306e-02 6.822693675777885547e-02 6.310910324414259476e-02 5.792473470712408701e-02 5.268001194388015340e-02 4.738101611425686588e-02 4.203338118264165341e-02 3.664162660140026645e-02 3.120789634409758262e-02 2.572968314481530183e-02 2.019637287876481849e-02 1.458806470180978691e-02 8.904683770496284873e-03 3.398315877471300758e-03 0.000000000000000000e+00 5.493689652278149413e-03 1.098174138661777224e-02 1.645896946881041795e-02 2.192056194359847526e-02 2.736189853852864090e-02 3.277830704215706908e-02 3.816487842250971402e-02 4.351638054459557037e-02 4.882725667143648224e-02 5.409167449009041201e-02 5.930360329774483907e-02 6.445689743672521066e-02 6.954537366147151012e-02 7.456288120327458913e-02 7.950335906287564480e-02 8.436088334212388240e-02 8.912970416782653449e-02 9.380427429880984491e-02 9.837927013067897242e-02 1.028496067153518989e-01 1.072104475390451006e-01 1.114572100243195751e-01 1.155855676430299767e-01 1.195914489964964300e-01 1.234710348092427079e-01 1.272207528666539633e-01 1.308372716816437187e-01 1.343174929222584191e-01 1.376585430422531398e-01 1.408577643433908122e-01 1.439127055479643147e-01 1.468211122393257018e-01 1.495809171269334992e-01 1.521902303796167644e-01 1.546473300994382072e-01 1.569506529828067765e-01 1.590987853173299327e-01 1.610904543187830218e-01 1.629245198821318852e-01 1.645999668173473707e-01 1.661158975715383290e-01 1.674715254992577840e-01 1.686661687086548622e-01 1.696992444902700459e-01 1.705702643687008191e-01 1.712788297866049136e-01 1.718246284272843816e-01 1.722074311978263605e-01 1.724270898734900082e-01 1.724835354033835699e-01
1.660674398732447377e-01 1.658063425142376202e-01 1.653876616980635705e-01 1.648117282925651017e-01 1.640789336565148804e-01 1.631895525866113583e-01 1.621440827013628239e-01 1.609432091743695781e-01 1.595875706624254320e-01 1.580779048490101313e-01 1.564151341611498824e-01 1.546002494944380690e-01 1.526343253753527085e-01 1.505185901140983495e-01 1.482543958078597068e-01 1.458432033868030109e-01 1.432866188330448320e-01 1.405864001717135603e-01 1.377444457103116915e-01 1.347628057447997629e-01 1.316437000217296482e-01 1.283895147607445608e-01 1.250028048121085977e-01 1.214863075096906525e-01 1.178429464351042344e-01 1.140758319023130740e-01 1.101882671857128682e-01 1.061837552524815265e-01 1.020660004039200264e-01 9.783891027731955736e-02 9.350660007782263250e-02 8.907339600602851015e-02 8.454383677454584134e-02 7.992267513298570436e-02 7.521487997112119572e-02 7.042563578717617179e-02 6.556033752968308537e-02 6.062457595367638785e-02 5.562410261604715939e-02 5.056475072773687629e-02 4.545226123216416364e-02 4.029190478699194028e-02 3.508764572339402588e-02 2.984021743597579587e-02 2.454236913917224455e-02 1.916582189927305835e-02 1.362030522561292513e-02 7.605155448642598494e-03 0.000000000000000000e+00 0.000000000000000000e+00 5.307759915308321759e-03 1.060804624032975901e-02 1.589452719799600705e-02 2.116207543877820368e-02 2.640636827985338997e-02 3.162336873883066918e-02 3.680893931463161822e-02 4.195864087657033559e-02 4.706767520866913385e-02 5.213091153207976419e-02 5.714295766878464689e-02 6.209824358690519547e-02 6.699110280437273190e-02 7.181584664859379241e-02 7.656682622085811407e-02 8.123848402692368520e-02 8.582539496482279040e-02 9.032229852514754576e-02 9.472412321193603157e-02 9.902600451374925228e-02 1.032232975497807265e-01 1.073115850800024224e-01 1.112866820443778049e-01 1.151446368348563454e-01 1.188817303371386691e-01 1.224944728265876248e-01 1.259795993786758106e-01 1.293340640351566539e-01 1.325550329576244135e-01 1.356398769811714700e-01 1.385861635573559791e-01 1.413916484547969032e-01 1.440542672452452266e-01 1.465721267243636217e-01 1.489434964255146876e-01 1.511668002403275812e-01 1.532406082844937345e-01 1.551636290592678380e-01 1.569347019413590283e-01 1.585527900920761513e-01 1.600169737995173203e-01 1.613264442920959718e-01 1.624804980726101689e-01 1.634785317779524627e-01 1.643200375935491564e-01 1.650045992469541811e-01 1.655318885820573072e-01 1.659016627317495829e-01 1.661137618985188968e-01 1.661681077395475159e-01
1.599124489949448613e-01 1.596599978029760170e-01 1.592553443063031426e-01 1.586987866685501958e-01 1.579907186303607658e-01 1.571314520787396585e-01 1.561214585456443260e-01 1.549614102809589999e-01 1.536519756753533805e-01 1.521938875367941923e-01 1.505880522625753504e-01 1.488354709177935331e-01 1.469372178667445183e-01 1.448945044689024519e-01 1.427086743023370796e-01 1.403811787996502858e-01 1.379135996725454616e-01 1.353076664478703173e-01 1.325652475103792083e-01 1.296883519028535492e-01 1.266791465639733050e-01 1.235399586732308930e-01 1.202732736292895510e-01 1.168817443911813747e-01 1.133681981781611559e-01 1.097356364337279261e-01 1.059872373323730577e-01 1.021263617005481600e-01 9.815655500781701737e-02 9.408154798394484375e-02 8.990525847082454780e-02 8.563179419255921576e-02 8.126545412184062178e-02 7.681072924369757027e-02 7.227230500242656785e-02 6.765506411097024775e-02 6.296408911008063991e-02 5.820466347250911887e-02 5.338226797646658528e-02 4.850256180976857123e-02 4.357132369025724233e-02 3.859429703192898686e-02 3.357681576161053449e-02 2.852295595750871035e-02 2.343376741052984394e-02 1.830427046819291248e-02 1.312222884784377749e-02 7.895714156944668924e-03 2.880793856449900565e-03 0.000000000000000000e+00 5.129157090064077364e-03 1.024798771831138613e-02 1.534882731719497059e-02 2.042663314356183563e-02 2.547789919834462374e-02 3.049960910311310877e-02 3.548859854386506030e-02 4.044127969751849794e-02 4.535358461893797266e-02 5.022101416056261314e-02 5.503873102950898599e-02 5.980165876685694659e-02 6.450457418090181638e-02 6.914218818663421529e-02 7.370921265733795802e-02 7.820041538563078654e-02 8.261066391653326679e-02 8.693496001941992957e-02 9.116846631784907007e-02 9.530652616263333987e-02 9.934467818731299027e-02 1.032786660836964160e-01 1.071044448452681264e-01 1.108181837209702009e-01 1.144162667859606880e-01 1.178952914168038824e-01 1.212520651010551981e-01 1.244836010378629482e-01 1.275871126024704649e-01 1.305600071542468710e-01 1.333998792010137324e-01 1.361045032003959654e-01 1.386718261365098570e-01 1.410999599359637480e-01 1.433871739147059565e-01 1.455318872891910309e-01 1.475326618440022386e-01 1.493881948519902303e-01 1.510973122626289300e-01 1.526589622377357847e-01 1.540722090761447727e-01 1.553362275449841068e-01 1.564502976712325300e-01 1.574138000113445846e-01 1.582262114137180931e-01 1.588871013049774350e-01 1.593961285065303712e-01 1.597530385908402795e-01 1.599576617919152011e-01 1.600099114693179225e-01
1.539092601921407955e-01 1.536653023365454618e-01 1.532744380112085469e-01 1.527369401400219817e-01 1.520531966134374136e-01 1.512235490549282413e-01 1.502484521571340603e-01 1.491285574502052569e-01 1.478645525378071146e-01 1.464571698140962885e-01 1.449072951769531381e-01 1.432159290299860888e-01 1.413841443336195103e-01 1.394131327650540431e-01 1.373042201195324163e-01 1.350588430695919273e-01 1.326785563217746655e-01 1.301650539676545149e-01 1.275201676382222149e-01 1.247458614470039195e-01 1.218442447533046591e-01 1.188175794827128900e-01 1.156682772708202411e-01 1.123989034723277963e-01 1.090121846482877133e-01 1.055110094881057392e-01 1.018984286990481242e-01 9.817765871618931717e-02 9.435208371230131841e-02 9.042525558414957199e-02 8.640089350245064304e-02 8.228288524946986149e-02 7.807528812020211872e-02 7.378232923095220941e-02 6.940840824533762998e-02 6.495810346471368735e-02 6.043618345490171101e-02 5.584762811938639299e-02 5.119766653018588409e-02 4.649184271828212672e-02 4.173612786327061258e-02 3.693711218292407283e-02 3.210234769490030726e-02 2.724102153051083039e-02 2.236548708201935992e-02 1.749529088329168647e-02 1.266866536893135504e-02 7.974724667040088838e-03 3.627483176269180598e-03 0.000000000000000000e+00 4.960738370545596070e-03 9.905756522814954459e-03 1.482597671773924937e-02 1.971752612789595682e-02 2.457876254221041945e-02 2.940832690340949504e-02 3.420430444776120793e-02 3.896401570807538073e-02 4.368407257650387676e-02 4.836051593184751557e-02 5.298896381603561412e-02 5.756474075748518882e-02 6.208298646041635754e-02 6.653874423747828393e-02 7.092703193984409293e-02 7.524289878972875711e-02 7.948147048939706305e-02 8.363798452185836063e-02 8.770781766185827000e-02 9.168650668496390599e-02 9.556976383667489805e-02 9.935348762238530029e-02 1.030337700356825092e-01 1.066069006588655360e-01 1.100693682728931533e-01 1.134178605036884196e-01 1.166492617136068721e-01 1.197606497163461875e-01 1.227492913421883991e-01 1.256126372738887442e-01 1.283483162659058152e-01 1.309541289053957058e-01 1.334280411369137553e-01 1.357681775813176506e-01 1.379728148151337097e-01 1.400403746922949111e-01 1.419694177536706958e-01 1.437586368380037727e-01 1.454068509226177919e-01 1.469129992442975707e-01 1.482761357643312961e-01 1.494954239908835580e-01 1.505701322007331755e-01 1.514996290939584489e-01 1.522833798895760760e-01 1.529209428889989619e-01 1.534119665230181395e-01 1.537561868862248882e-01 1.539534257721717758e-01 1.540035892141950469e-01
1.480526023952937198e-01 1.478169888625373019e-01 1.474396790064460006e-01 1.469209261465595495e-01 1.462611071316693989e-01 1.454605853850945985e-01 1.445198056737308778e-01 1.434393950944292118e-01 1.422200497258278573e-01 1.408625035661700275e-01 1.393676208337814859e-01 1.377363915684390316e-01 1.359698840964626287e-01 1.340692694899679460e-01 1.320358486316410285e-01 1.298710372914269884e-01 1.275763609326391879e-01 1.251534735327158865e-01 1.226041635922282269e-01 1.199303465852801787e-01 1.171340711731580220e-01 1.142175292026816197e-01 1.111830545105138290e-01 1.080331225562305153e-01 1.047703565549138599e-01 1.013975295682528616e-01 9.791756319685696042e-02 9.433352859179447436e-02 9.064864766263248941e-02 8.686629266928573567e-02 8.298998392100068178e-02 7.902338898007786605e-02 7.497032218120569524e-02 7.083474393206284914e-02 6.662076234484898274e-02 6.233263988638170633e-02 5.797480981817590417e-02 5.355191046697797830e-02 4.906885348575107386e-02 4.453095574211139024e-02 3.994418876120005291e-02 3.531564675274951465e-02 3.065442641460138645e-02 2.597329474912531480e-02 2.129188155958899181e-02 1.664276624081123188e-02 1.208245300517002060e-02 7.707077769001679721e-03 3.654455613530307751e-03 0.000000000000000000e+00 4.807901540978444174e-03 9.588164336766336754e-03 1.433161802193735901e-02 1.903853413742428308e-02 2.371108154342535870e-02 2.835039657935920984e-02 3.295602399044668396e-02 3.752613663113250203e-02 4.205788743596534235e-02 4.654771058360367836e-02 5.099154925878773836e-02 5.538502052202657483e-02 5.972353867646815195e-02 6.400240837977899666e-02 6.821689665690502946e-02 7.236228911880301928e-02 7.643393423490099647e-02 8.042727781279844501e-02 8.433788995122226684e-02 8.816148549090715991e-02 9.189393940723579457e-02 9.553129785632381854e-02 9.906978570931573858e-02 1.025058112465653815e-01 1.058359683600603590e-01 1.090570369533288148e-01 1.121659816203272042e-01 1.151599491661852853e-01 1.180362650565150717e-01 1.207924290791056038e-01 1.234261104390900893e-01 1.259351423530571668e-01 1.283175163821185794e-01 1.305713765554842865e-01 1.326950133934968190e-01 1.346868579534574173e-01 1.365454759231839454e-01 1.382695618602893806e-01 1.398579336330084688e-01 1.413095270885494914e-01 1.426233910167581942e-01 1.437986824333017388e-01 1.448346622075999957e-01 1.457306910768813579e-01 1.464862260580747644e-01 1.471008172749841414e-01 1.475741052226653971e-01 1.479058184735741188e-01 1.480957718336946560e-01 1.481438649573623145e-01
1.423372870611682162e-01 1.421098732043245549e-01 1.417458875203408408e-01 1.412455678745119791e-01 1.406092771063860436e-01 1.398373927520124016e-01 1.389303541875769876e-01 1.378887632843557864e-01 1.367133148571324508e-01 1.354047440906176736e-01 1.339638943065296073e-01 1.323917375151558162e-01 1.306893326419969747e-01 1.288578298284027146e-01 1.268985002692249453e-01 1.248127325736827498e-01 1.226020205064389662e-01 1.202679750927518471e-01 1.178123364180894139e-01 1.152369674970517566e-01 1.125438541996073849e-01 1.097351150369605677e-01 1.068130026008047573e-01 1.037799007401491308e-01 1.006383280399976848e-01 9.739094033587258892e-02 9.404052928525845345e-02 9.059002103393209993e-02 8.704247583884718031e-02 8.340108700686993393e-02 7.966917719294154543e-02 7.585019504980700100e-02 7.194771228431012799e-02 6.796542060062674140e-02 6.390712986864299783e-02 5.977677066485421326e-02 5.557840663877058884e-02 5.131626599313250658e-02 4.699481107461125906e-02 4.261888224541762749e-02 3.819398334532918965e-02 3.372683265076230341e-02 2.922640356424888175e-02 2.470585040027128282e-02 2.018599227954853345e-02 1.570146573643040749e-02 1.131133902277529218e-02 7.116721418737115626e-03 3.283309518013933278e-03 0.000000000000000000e+00 4.682568636703515232e-03 9.307226642962539154e-03 1.387362335174399837e-02 1.839371922991950639e-02 2.287642371155905810e-02 2.732592694061139471e-02 3.174301453406899731e-02 3.612635936259624148e-02 4.047335349119408204e-02 4.478059792843800541e-02 4.904419515405458035e-02 5.325993186642099392e-02 5.742340376505303962e-02 6.153010488417890583e-02 6.557549513939395225e-02 6.955505237418251052e-02 7.346431323201760288e-02 7.729890501353035848e-02 8.105457060566037542e-02 8.472718757868098749e-02 8.831278256919401770e-02 9.180754183481538988e-02 9.520781848300240158e-02 9.851013721227561137e-02 1.017111967059525779e-01 1.048078703869264605e-01 1.077972056049628924e-01 1.106764216888796032e-01 1.134429070585389887e-01 1.160942155379857677e-01 1.186280621484899211e-01 1.210423184161459470e-01 1.233350073887160975e-01 1.255042984603098877e-01 1.275485020598102481e-01 1.294660643362213759e-01 1.312555618759673748e-01 1.329156965162651416e-01 1.344452903315376258e-01 1.358432808119451329e-01 1.371087162879555676e-01 1.382407516409329129e-01 1.392386443144831287e-01 1.401017506641557830e-01 1.408295226665034483e-01 1.414215049976650651e-01 1.418773325029008547e-01 1.421967280664842848e-01 1.423795008855925359e-01 1.424255451567110475e-01
1.367582087192212303e-01 1.365388546897240429e-01 1.361879680820624883e-01 1.357057742828394475e-01 1.350926207097589427e-01 1.343488920941303955e-01 1.334750248294984953e-01 1.324715965988696453e-01 1.313392929297571010e-01 1.300788478023279238e-01 1.286910852004249928e-01 1.271769537899155589e-01 1.255374975620514588e-01 1.237738451369926745e-01 1.218872353057599695e-01 1.198790239037663546e-01 1.177506700720693383e-01 1.155037402381005329e-01 1.131399222351721495e-01 1.106610229379907662e-01 1.080689638321790241e-01 1.053657882707594029e-01 1.025536650810970341e-01 9.963488524151720149e-02 9.661186250525147234e-02 9.348713524451486567e-02 9.026336532206948038e-02 8.694333521716383906e-02 8.352994568820565346e-02 8.002621356374160777e-02 7.643526687935023323e-02 7.276033893729010049e-02 6.900476209202746625e-02 6.517196079367357231e-02 6.126544386434930323e-02 5.728879793930319320e-02 5.324568566506411582e-02 4.913985536260065401e-02 4.497517607173114745e-02 4.075572624759234153e-02 3.648599118762875515e-02 3.217127240910708230e-02 2.781849413731891929e-02 2.343771396732445209e-02 1.904478761011331456e-02 1.466579403284015357e-02 1.034475559121529782e-02 6.165207571821998411e-03 2.362113355578159685e-03 0.000000000000000000e+00 4.615014018925809453e-03 9.084399333624121331e-03 1.346176102977885564e-02 1.778611031862371503e-02 2.207476505038982739e-02 2.633365396194205926e-02 3.056351288351460971e-02 3.476268214186765959e-02 3.892830286874393586e-02 4.305685140152837320e-02 4.714440584429505088e-02 5.118679831555943832e-02 5.517971636403538882e-02 5.911877598606990469e-02 6.299957784839002595e-02 6.681775126689029620e-02 7.056898911549761011e-02 7.424907532963026524e-02 7.785390647049089674e-02 8.137950844090592606e-02 8.482204903580571609e-02 8.817784730451261321e-02 9.144337994561642369e-02 9.461528559005355499e-02 9.769036702887137769e-02 1.006655919704302210e-01 1.035380924708308864e-01 1.063051632885331499e-01 1.089642594445732193e-01 1.115129930364527483e-01 1.139491295674594784e-01 1.162705838502148536e-01 1.184754156026565641e-01 1.205618248713677954e-01 1.225281473134205573e-01 1.243728494459182404e-01 1.260945239239251725e-01 1.276918848803017814e-01 1.291637634061021944e-01 1.305091032002898555e-01 1.317269564222904588e-01 1.328164797962093080e-01 1.337769309819021590e-01 1.346076652396658857e-01 1.353081324167934030e-01 1.358778742649531801e-01 1.363165221041640063e-01 1.366237948473839892e-01 1.367994973884849585e-01 1.368435193591365784e-01
1.313103450731283872e-01 1.310989161463517738e-01 1.307609093715551007e-01 1.302965397271423076e-01 1.297061388259552750e-01 1.289900927182994206e-01 1.281488355080582786e-01 1.271829226493252363e-01 1.260930243505812287e-01 1.248798697023302817e-01 1.235442648050720654e-01 1.220871318570493913e-01 1.205094944210402669e-01 1.188124583148592595e-01 1.169972286787690774e-01 1.150651241395376501e-01 1.130175659506060942e-01 1.108560748576618293e-01 1.085822840725934324e-01 1.061979411652328453e-01 1.037049018519122512e-01 1.011051336084339558e-01 9.840072010936523617e-02 9.559385872865819311e-02 9.268685896971963489e-02 8.968214276664870921e-02 8.658224347597194559e-02 8.338980228167978959e-02 8.010756402625369976e-02 7.673837344586249831e-02 7.328516919861834122e-02 6.975097566961199758e-02 6.613889328697122871e-02 6.245208678861468438e-02 5.869377022839054187e-02 5.486718813994288096e-02 5.097559266737425321e-02 4.702221720666670268e-02 4.301024864597494807e-02 3.894280610259442943e-02 3.482294700251782615e-02 3.065374962640276049e-02 2.643857830046710336e-02 2.218172909251815705e-02 1.788966911752514280e-02 1.357219952158691088e-02 9.236727004088150089e-03 4.837297026619438375e-03 0.000000000000000000e+00 0.000000000000000000e+00 4.692955876901324513e-03 8.953447682816830649e-03 1.310274759648672252e-02 1.721401683438343599e-02 2.130267728328077287e-02 2.537019997979719776e-02 2.941447470414618875e-02 3.343231212135342606e-02 3.742006810847088583e-02 4.137382847333005015e-02 4.528949394445654086e-02 4.916284118273650527e-02 5.298957632915876625e-02 5.676538126095272141e-02 6.048595335121641908e-02 6.414703854623965418e-02 6.774445842287599162e-02 7.127413198398804828e-02 7.473209280427195456e-02 7.811450249348866892e-02 8.141766074529596664e-02 8.463801289691784413e-02 8.777215505162326570e-02 9.081683747470339907e-02 9.376896634280834641e-02 9.662560421710685021e-02 9.938396947285899063e-02 1.020414347736877253e-01 1.045955248888820466e-01 1.070439138756252434e-01 1.093844218109004257e-01 1.116150111771587322e-01 1.137337829510881998e-01 1.157389725327882674e-01 1.176289455520245220e-01 1.194021936190799854e-01 1.210573301010012121e-01 1.225930859435162001e-01 1.240083056003685319e-01 1.253019431140091067e-01 1.264730583664551156e-01 1.275208135461047831e-01 1.284444698535709972e-01 1.292433844630412332e-01 1.299170077677350710e-01 1.304648809221788941e-01 1.308866336910606831e-01 1.311819826200170680e-01 1.313507295335893665e-01 1.313927603624210905e-01
1.259887567045157586e-01 1.257851235112560917e-01 1.254597836985491544e-01 1.250129432291259557e-01 1.244449181631425705e-01 1.237560911222871790e-01 1.229468933631837763e-01 1.220178603166234832e-01 1.209696427763644333e-01 1.198029606713665041e-01 1.185186030489689957e-01 1.171174642534387189e-01 1.156005426091106236e-01 1.139689191223481612e-01 1.122237648469127935e-01 1.103663581609769379e-01 1.083980791740405125e-01 1.063204019803087874e-01 1.041349040244750890e-01 1.018432712436387888e-01 9.944729235802880762e-02 9.694885897436571198e-02 9.434996936724446281e-02 9.165272724839897134e-02 8.885933904315772291e-02 8.597211231322252067e-02 8.299345437330417352e-02 7.992586851425650951e-02 7.677194849749205408e-02 7.353437314314899276e-02 7.021589928078453280e-02 6.681935191510940397e-02 6.334761165623495338e-02 5.980359862709720697e-02 5.619025074937194358e-02 5.251049311852438312e-02 4.876719391647741514e-02 4.496309947462419354e-02 4.110073571033143885e-02 3.718225621279597215e-02 3.320920804856701547e-02 2.918218117750080373e-02 2.510033433688640264e-02 2.096096276311919596e-02 1.675998207348423918e-02 1.249664426745111627e-02 8.192707677047857476e-03 3.947324609426129671e-03 0.000000000000000000e+00 1.863891501438926304e-03 5.203223401816211256e-03 8.933542990409104601e-03 1.278160686378243018e-02 1.666435963380335714e-02 2.055153966505710375e-02 2.442979103042992178e-02 2.829165638583309300e-02 3.213179148585904032e-02 3.594558262303231694e-02 3.972864045275641826e-02 4.347662679322705781e-02 4.718520973333810431e-02 5.085006755697930175e-02 5.446690835818376181e-02 5.803149313131530929e-02 6.153965739896544163e-02 6.498732969258111392e-02 6.837054686736911135e-02 7.168546615278290068e-02 7.492837471078771239e-02 7.809569668831975453e-02 8.118399849386884193e-02 8.418999230218288110e-02 8.711053823602929458e-02 8.994264537633306356e-02 9.268347173983652876e-02 9.533032350009049138e-02 9.788065344006799395e-02 1.003320588734710889e-01 1.026822790791739604e-01 1.049291923341755528e-01 1.070708126783357361e-01 1.091052864233738456e-01 1.110308885112344379e-01 1.128460187787484192e-01 1.145491981582895391e-01 1.161390648959939598e-01 1.176143708124208626e-01 1.189739776429903084e-01 1.202168535108121550e-01 1.213420695475526528e-01 1.223487966962898826e-01 1.232363027270415856e-01 1.240039494769138717e-01 1.246511903376652936e-01 1.251775680084051268e-01 1.255827125207003847e-01 1.258663395487474301e-01 1.260282490125642085e-01 1.260683239746500650e-01
1.207885864240380719e-01 1.205926250963157420e-01 1.202797461501498300e-01 1.198501474337313188e-01 1.193041300579477382e-01 1.186420695576720641e-01 1.178643929781496708e-01 1.169716177363714499e-01 1.159643727851351336e-01 1.148433646396043173e-01 1.136093653050316843e-01 1.122632410488473842e-01 1.108059612210145900e-01 1.092385795082083111e-01 1.075622326983443622e-01 1.057781571998166470e-01 1.038876891167394151e-01 1.018922548323938776e-01 9.979337572675640866e-02 9.759267477317967732e-02 9.529187274256996354e-02 9.289278580647884753e-02 9.039732757693032250e-02 8.780750884004537293e-02 8.512543462638974545e-02 8.235330097266707616e-02 7.949339268189110908e-02 7.654807953671724507e-02 7.351981007519450828e-02 7.041110481348518413e-02 6.722454828270026106e-02 6.396277833147423486e-02 6.062847196100694391e-02 5.722432666458478895e-02 5.375303476211591713e-02 5.021724576522546696e-02 4.661950892770528460e-02 4.296218216289203473e-02 3.924728233139818806e-02 3.547623160001470155e-02 3.164941731862372376e-02 2.776541530626305473e-02 2.381961109867800075e-02 1.980181532584702336e-02 1.569267630604069194e-02 1.146172703275203167e-02 7.090189171883796472e-03 2.759359369740371857e-03 0.000000000000000000e+00 2.252243430853442460e-03 5.322383922297771117e-03 8.795758813529147568e-03 1.242562677523703467e-02 1.611010992535905767e-02 1.980915065536301492e-02 2.350557329019710776e-02 2.719035961014794681e-02 3.085739203059371938e-02 3.450159402660844116e-02 3.811827436409202796e-02 4.170290055472119367e-02 4.525102848506445952e-02 4.875828885754085462e-02 5.222039292019121925e-02 5.563314371422398152e-02 5.899244780330928362e-02 6.229432545921992359e-02 6.553491923430901367e-02 6.871050057199415417e-02 7.181747503472760141e-02 7.485238603346711095e-02 7.781191749393978618e-02 8.069289549459575384e-02 8.349228902158058185e-02 8.620721004300885282e-02 8.883491285468862741e-02 9.137279293794485502e-02 9.381838528625038864e-02 9.616936232411799068e-02 9.842353149693600090e-02 1.005788325334852629e-01 1.026333345060912033e-01 1.045852326977603081e-01 1.064328453315443873e-01 1.081746102338271842e-01 1.098090814414786204e-01 1.113349258154463783e-01 1.127509196981734407e-01 1.140559456330256238e-01 1.152489891948480782e-01 1.163291359530597979e-01 1.172955685877634102e-01 1.181475641911082092e-01 1.188844917677736313e-01 1.195058099502681048e-01 1.200110649489223580e-01 1.203998887446123961e-01 1.206719975320823951e-01 1.208271904231173616e-01 1.208653484114338011e-01
1.157050583019292311e-01 1.155166505429774393e-01 1.152160334424959520e-01 1.148033972906414013e-01 1.142790290085235055e-01 1.136432943608126356e-01 1.128966143920847737e-01 1.120394900782507308e-01 1.110725274031434673e-01 1.099964156740690091e-01 1.088119090969467545e-01 1.075198462535427585e-01 1.061211649840345106e-01 1.046168889978022348e-01 1.030081205325513727e-01 1.012960533502837157e-01 9.948197737974015520e-02 9.756727015426611138e-02 9.555339716544508644e-02 9.344191806265884914e-02 9.123448516061122282e-02 8.893283988642669557e-02 8.653881266500777769e-02 8.405432291031862679e-02 8.148137645067501933e-02 7.882206120227244761e-02 7.607854383031001366e-02 7.325306584145906130e-02 7.034793715905122979e-02 6.736552852041842454e-02 6.430826293561128781e-02 6.117860492728886129e-02 5.797904641809475956e-02 5.471208817647950362e-02 5.138021459993043216e-02 4.798585695556997766e-02 4.453133656807163610e-02 4.101877268112832237e-02 3.744992684602268390e-02 3.382592990496994384e-02 3.014678616735719588e-02 2.641043612267453614e-02 2.261087692787183343e-02 1.873402222486992424e-02 1.474720645871454260e-02 1.056744036005240195e-02 5.947023148339967979e-03 0.000000000000000000e+00 0.000000000000000000e+00 1.822623041150121283e-03 5.038205639575662857e-03 8.501355694771384891e-03 1.201488854429618412e-02 1.554114465870354810e-02 1.906920724179420046e-02 2.259280520845852527e-02 2.610661671671413858e-02 2.960560944835331429e-02 3.308490053326575142e-02 3.653972322045714871e-02 3.996542100107327439e-02 4.335745127512240921e-02 4.671139141216332918e-02 5.002294453424031145e-02 5.328794409603408028e-02 5.650235742855521520e-02 5.966228809108911624e-02 6.276397762146515569e-02 6.580380654391566886e-02 6.877829503000097711e-02 7.168410312533413098e-02 7.451803063896519919e-02 7.727701676916501339e-02 7.995813933534240414e-02 8.255861379884994744e-02 8.507579191081299230e-02 8.750716011832652963e-02 8.985033769707499729e-02 9.210307460943292779e-02 9.426324917865916420e-02 9.632886553448535838e-02 9.829805091055447697e-02 1.001690528179315087e-01 1.019402361041549382e-01 1.036100799658586646e-01 1.051771749244875404e-01 1.066402197992375039e-01 1.079980187230636796e-01 1.092494782127758357e-01 1.103936043287803426e-01 1.114294999530766050e-01 1.123563621976055860e-01 1.131734799706026751e-01 1.138802317198122360e-01 1.144760833632192387e-01 1.149605864243911368e-01 1.153333763828286174e-01 1.155941712444709391e-01 1.157427703411891828e-01 1.157790533631260360e-01
1.107334764144247696e-01 1.105525095057328794e-01 1.102639625142052965e-01 1.098680184967157497e-01 1.093649509757600030e-01 1.087551140855483878e-01 1.080389209519954652e-01 1.072168571599067810e-01 1.062895055046768483e-01 1.052575350073256671e-01 1.041216807488457852e-01 1.028827541924892119e-01 1.015416602467435481e-01 1.000993901837488181e-01 9.855701114880603686e-02 9.691567426850221378e-02 9.517662195730847152e-02 9.334118182234484029e-02 9.141076383530792604e-02 8.938686476279150694e-02 8.727106853901984984e-02 8.506504275198713272e-02 8.277053660171664051e-02 8.038938041677115565e-02 7.792348354266320776e-02 7.537482958240988851e-02 7.274547201641776151e-02 7.003752994263681697e-02 6.725318174279604211e-02 6.439465723903750605e-02 6.146422899117975208e-02 5.846420213227190160e-02 5.539690179759180350e-02 5.226465734578466388e-02 4.906978217289598154e-02 4.581454609284599938e-02 4.250113444937164003e-02 3.913158347563960165e-02 3.570767253238052441e-02 3.223073693918864641e-02 2.870133521617829198e-02 2.511865209754552894e-02 2.147943666337399568e-02 1.777620148277410383e-02 1.399471224600211915e-02 1.011384711553487380e-02 6.130532408313756239e-03 2.246768782228686021e-03 0.000000000000000000e+00 0.000000000000000000e+00 4.506362880192246213e-03 8.156449116887887901e-03 1.159128998457223565e-02 1.497022163726723261e-02 1.833356331285757035e-02 2.168964500523731451e-02 2.503750122100143263e-02 2.837332415744561048e-02 3.169245867598755040e-02 3.499006806849436213e-02 3.826136820550955775e-02 4.150171198786219151e-02 4.470661771305727700e-02 4.787177573235745082e-02 5.099304647855290584e-02 5.406645560934694728e-02 5.708818832262081699e-02 6.005458406852814957e-02 6.296213183988229323e-02 6.580746618085513144e-02 6.858736386628251636e-02 7.129874100846067542e-02 7.393865064169827250e-02 7.650428044752424772e-02 7.899295069707727712e-02 8.140211220112884838e-02 8.372934424789248153e-02 8.597235251325360816e-02 8.812896684370417899e-02 9.019713897627509858e-02 9.217494014117927348e-02 9.406055856531565784e-02 9.585229691311886180e-02 9.754856964716357437e-02 9.914790035413183211e-02 1.006489190557627866e-01 1.020503595142981529e-01 1.033510565755525745e-01 1.045499435634590218e-01 1.056460497452404862e-01 1.066384978987997972e-01 1.075265019939911498e-01 1.083093650075306613e-01 1.089864768926007838e-01 1.095573127120821749e-01 1.100214309479432689e-01 1.103784719999025971e-01 1.106281568784527464e-01 1.107702860981205767e-01 1.108047387754431262e-01
1.058692233459462562e-01 1.056955900983252150e-01 1.054189288925174717e-01 1.050394157306148712e-01 1.045573114855182506e-01 1.039729574608394963e-01 1.032867570270805391e-01 1.024991809272099846e-01 1.016107891061169971e-01 1.006222280298558619e-01 9.953421201951803687e-02 9.834752587389505862e-02 9.706304103977247966e-02 9.568171435170368111e-02 9.420457707838575390e-02 9.263273806947532052e-02 9.096739169749309961e-02 8.920981481178601180e-02 8.736136227237031870e-02 8.542346896556549107e-02 8.339765114961487924e-02 8.128550373165760456e-02 7.908869694101762493e-02 7.680897488344154422e-02 7.444815366160856263e-02 7.200811669322611241e-02 6.949080957193018437e-02 6.689823525477989197e-02 6.423244786731430178e-02 6.149554503526637184e-02 5.868965935215097324e-02 5.581694915368042020e-02 5.287958832071443932e-02 4.987975495202061349e-02 4.681961921491545331e-02 4.370133037445386726e-02 4.052700232495819871e-02 3.729869605167503155e-02 3.401839588480101706e-02 3.068797442898342498e-02 2.730914140200386281e-02 2.388338759052632126e-02 2.041201486123872186e-02 1.689664511004613373e-02 1.334161576743687731e-02 9.762735932279754947e-03 6.214528727434442089e-03 2.856560663961317092e-03 0.000000000000000000e+00 1.783488783154138285e-03 4.830677174253984740e-03 8.026665511439649847e-03 1.122346770245675161e-02 1.441474351091748957e-02 1.760502146716482613e-02 2.079453972738710618e-02 2.398023622030187943e-02 2.715753209386339434e-02 3.032133490811075860e-02 3.346650347543525528e-02 3.658804175302497741e-02 3.968116975722065648e-02 4.274134012968099777e-02 4.576423235929380495e-02 4.874573880381605218e-02 5.168194907325627391e-02 5.456913534769473884e-02 5.740373968639286145e-02 6.018236353849763104e-02 6.290175918023879764e-02 6.555882295556320072e-02 6.815058975924165319e-02 7.067422868498041133e-02 7.312703936910630587e-02 7.550644893105594446e-02 7.781000929002393485e-02 8.003539468710459126e-02 8.218039938924000254e-02 8.424293542002192492e-02 8.622103032257003030e-02 8.811282491143181128e-02 8.991657097463241766e-02 9.163062895826128151e-02 9.325346561013292401e-02 9.478365159694515651e-02 9.621985912340560998e-02 9.756085954992252396e-02 9.880552103831374833e-02 9.995280624588602503e-02 1.010017700762361192e-01 1.019515575154201215e-01 1.028014015686203181e-01 1.035506213088050048e-01 1.041986200565930137e-01 1.047448837029520685e-01 1.051889791840534549e-01 1.055305531208564074e-01 1.057693306290230090e-01 1.059051143025471764e-01 1.059377833760113963e-01
1.011077584684682562e-01 1.009413571264002052e-01 1.006764048591773097e-01 1.003130707064339433e-01 9.985160355983023484e-02 9.929233119825398024e-02 9.863564561352261562e-02 9.788200283913167654e-02 9.703194058137304401e-02 9.608608126231295288e-02 9.504511675059140741e-02 9.390980537856728760e-02 9.268098521557217861e-02 9.135957725783251659e-02 8.994657599069814935e-02 8.844304843441784525e-02 8.685014106295843583e-02 8.516907952742369670e-02 8.340116398875611903e-02 8.154776877814624847e-02 7.961034375886043291e-02 7.759041262916258064e-02 7.548956907873549671e-02 7.330947424748293639e-02 7.105185470619940213e-02 6.871849810507346668e-02 6.631124764093908330e-02 6.383199661027545713e-02 6.128268221976133218e-02 5.866527821233213230e-02 5.598178660255977157e-02 5.323422929684580585e-02 5.042464012800878387e-02 4.755505796018272974e-02 4.462752274276738512e-02 4.164407773717487826e-02 3.860678293056138410e-02 3.551774770038888807e-02 3.237919639254242810e-02 2.919359013423024340e-02 2.596384583821099296e-02 2.269373024731761307e-02 1.938858901231093126e-02 1.605675768556756589e-02 1.271238896137175806e-02 9.380979709690366597e-03 6.108318805189022829e-03 2.964978776903483011e-03 0.000000000000000000e+00 2.303182217271680220e-03 5.006084620294947406e-03 7.895951895550930300e-03 1.086104494497887145e-02 1.386012489101218215e-02 1.687708882112982922e-02 1.990309374100595816e-02 2.293119764029469612e-02 2.595504704057168682e-02 2.896864801048057783e-02 3.196636062480574109e-02 3.494290620644378148e-02 3.789335527738819931e-02 4.081310066819608673e-02 4.369782494776160847e-02 4.654346806529102709e-02 4.934619825457769310e-02 5.210238736874142629e-02 5.480859060361124163e-02 5.746153038149819092e-02 6.005808353895894514e-02 6.259527144000287535e-02 6.507025217075315671e-02 6.748031450735147985e-02 6.982287311047460920e-02 7.209546464340318983e-02 7.429574458436941087e-02 7.642148444690557985e-02 7.847056934073551315e-02 8.044099570411224198e-02 8.233086914115621269e-02 8.413840233317540496e-02 8.586191294972903010e-02 8.749982157012557715e-02 8.905064959989296425e-02 9.051301716929101293e-02 9.188564104113355890e-02 9.316733252338055271e-02 9.435699539900052613e-02 9.545362389845066242e-02 9.645630072042385428e-02 9.736419512040424273e-02 9.817656108454245190e-02 9.889273559715423823e-02 9.951213701804936806e-02 1.000342635841082323e-01 1.004586920415938001e-01 1.007850764186552783e-01 1.010131469457995618e-01 1.011427091276901336e-01 1.011736429698082695e-01
9.644461602869755512e-02 9.628535013986032343e-02 9.603193744652802066e-02 9.568454007415287677e-02 9.524339550748517347e-02 9.470881767628384906e-02 9.408118585053129590e-02 9.336094118061240288e-02 9.254859981660645829e-02 9.164475931760121541e-02 9.065008755055145584e-02 8.956531629683971152e-02 8.839125067749457887e-02 8.712877506971604402e-02 8.577884630166722479e-02 8.434248994771439967e-02 8.282080519504912697e-02 8.121496651662377109e-02 7.952621983267246786e-02 7.775588037906416838e-02 7.590533335486449040e-02 7.397603307019748331e-02 7.196949923778839242e-02 6.988731352138022324e-02 6.773111705285936313e-02 6.550260641528043992e-02 6.320352803361617422e-02 6.083567214508246029e-02 5.840086640040513533e-02 5.590096860794342704e-02 5.333785854563589945e-02 5.071342988278251807e-02 4.802958331497245159e-02 4.528822226248056804e-02 4.249125417892581080e-02 3.964060301720842561e-02 3.673824221653301803e-02 3.378626387023272309e-02 3.078701051828502261e-02 2.774331278720352720e-02 2.465890073024351592e-02 2.153908790242385282e-02 1.839185259950802676e-02 1.522941660097509170e-02 1.207022057343510799e-02 8.940500895061129910e-03 5.872820210385376605e-03 2.895073666330034729e-03 0.000000000000000000e+00 2.423074837325005226e-03 4.994431125713645787e-03 7.689904268216017115e-03 1.046451559141782853e-02 1.328749118556533590e-02 1.613997231991169679e-02 1.900939445242602610e-02 2.188624795342603360e-02 2.476263348727159030e-02 2.763166168835758801e-02 3.048718633658215049e-02 3.332365835100016549e-02 3.613602561553919817e-02 3.891965375379013992e-02 4.167026077932000500e-02 4.438386332841567222e-02 4.705673296456785309e-02 4.968536144167812196e-02 5.226643328143377315e-02 5.479680462280629716e-02 5.727348682355191956e-02 5.969363401813061742e-02 6.205453354952571859e-02 6.435359867460835326e-02 6.658836294712019988e-02 6.875647578834594154e-02 7.085569898797192123e-02 7.288390378582007556e-02 7.483906839791137910e-02 7.671927582902851595e-02 7.852271184430544004e-02 8.024766306818023609e-02 8.189251512740518268e-02 8.345575081873972401e-02 8.493594829595831064e-02 8.633177924732551856e-02 8.764200707907215948e-02 8.886548510781146215e-02 9.000115476277348314e-02 9.104804382120239292e-02 9.200526468371719724e-02 9.287201269970414563e-02 9.364756456210164559e-02 9.433127678187200327e-02 9.492258425300262314e-02 9.542099892157270002e-02 9.582610856588072434e-02 9.613757569552415505e-02 9.635513657814454014e-02 9.647860039694027001e-02 9.650784854068727991e-02
9.187540307219681235e-02 9.172318132699674997e-02 9.148114628432238438e-02 9.114945318763646720e-02 9.072832859506167746e-02 9.021807251851055032e-02 8.961905046210456860e-02 8.893168832679497482e-02 8.815648132959399974e-02 8.729400186756296198e-02 8.634489253169093381e-02 8.530985823671051460e-02 8.418967170956501156e-02 8.298518047451865220e-02 8.169730299987559841e-02 8.032702367866610682e-02 7.887539528187127724e-02 7.734354156894575338e-02 7.573265479178416248e-02 7.404399256770557991e-02 7.227887745006250642e-02 7.043869651401248044e-02 6.852489818381901632e-02 6.653898825043828846e-02 6.448252677027704882e-02 6.235712423155347073e-02 6.016443606542456329e-02 5.790615618542827026e-02 5.558401018548148748e-02 5.319974785010243845e-02 5.075513463049629442e-02 4.825194300687078719e-02 4.569194492174760008e-02 4.307690694015042093e-02 4.040859147521899675e-02 3.768877023688150391e-02 3.491926097277055219e-02 3.210200669191787953e-02 2.923923042912550396e-02 2.633372092056979891e-02 2.338933731123067281e-02 2.041185862906341048e-02 1.741031695295326698e-02 1.439884470518137428e-02 1.139859346847966678e-02 8.438008356059492968e-03 5.547419548066940403e-03 2.742534371700111693e-03 0.000000000000000000e+00 2.394611424120739879e-03 4.858572348996628709e-03 7.404617674810072027e-03 1.001950960370919831e-02 1.268522829036976274e-02 1.538577971982533522e-02 1.810811766982416832e-02 2.084160921377152531e-02 2.357740941514186936e-02 2.630800066213368621e-02 2.902687620404623137e-02 3.172831686964736053e-02 3.440722712591315346e-02 3.705901072872910818e-02 3.967947495340551356e-02 4.226475677196402797e-02 4.481126589415844463e-02 4.731564131824590735e-02 4.977471812724944267e-02 5.218550250659396289e-02 5.454515283498433814e-02 5.685096555726912998e-02 5.910036457324213677e-02 6.129089325389407844e-02 6.342020844875383145e-02 6.548607586343115072e-02 6.748636649996232750e-02 6.941905379938570486e-02 7.128221127844176774e-02 7.307401052085496507e-02 7.479271936193865322e-02 7.643670022014303900e-02 7.800440850346421207e-02 7.949439104440038373e-02 8.090528456075755936e-02 8.223581411219312021e-02 8.348479155403545904e-02 8.465111399998538622e-02 8.573376228848235414e-02 8.673179946691539355e-02 8.764436930546563864e-02 8.847069484759452485e-02 8.921007701435854087e-02 8.986189327367673230e-02 9.042559638145818146e-02 9.090071320760542695e-02 9.128684365663029820e-02 9.158365968843391880e-02 9.179090444617618583e-02 9.190839149573366840e-02 9.193600417875913422e-02
8.739579721851725713e-02 8.725053327025492078e-02 8.701972132024804463e-02 8.670350976159840739e-02 8.630211462062065131e-02 8.581582208866071759e-02 8.524498314425926759e-02 8.459000797834799468e-02 8.385137137099649141e-02 8.302962062147306588e-02 8.212537210758158457e-02 8.113930341975979232e-02 8.007215541745503484e-02 7.892473895543154760e-02 7.769793370022790024e-02 7.639268302417921708e-02 7.500999423440923852e-02 7.355094120112340428e-02 7.201666324869770985e-02 7.040836181618462253e-02 6.872729895685074364e-02 6.697479692578753308e-02 6.515223567178685116e-02 6.326104875325699872e-02 6.130271966734027189e-02 5.927877801628420040e-02 5.719079421502716587e-02 5.504037280345723537e-02 5.282914515304181630e-02 5.055876139768394201e-02 4.823088111672309969e-02 4.584716322812787404e-02 4.340925584503971951e-02 4.091878745607423207e-02 3.837736190409643533e-02 3.578656188729326809e-02 3.314797028057690081e-02 3.046322627905517777e-02 2.773414766598816458e-02 2.496297655521165226e-02 2.215285169010670907e-02 1.930868435000327593e-02 1.643871301492561346e-02 1.355706172593446751e-02 1.068731839634732249e-02 7.865545084289621985e-03 5.136347309733725955e-03 2.527682261823533186e-03 0.000000000000000000e+00 2.296728300560990210e-03 4.640546975792048459e-03 7.050390611196950819e-03 9.523571731757132092e-03 1.204801648054893391e-02 1.460967329757318668e-02 1.719554935330266238e-02 1.979451334318375194e-02 2.239723545718383044e-02 2.499588651845418077e-02 2.758382236425448858e-02 3.015531775775191076e-02 3.270535812961566924e-02 3.522948108489676322e-02 3.772365706514291261e-02 4.018420025716266941e-02 4.260770206401284094e-02 4.499098184672181006e-02 4.733105030776824096e-02 4.962508253893455068e-02 5.187039809602928681e-02 5.406444634736645022e-02 5.620479571528448626e-02 5.828912570631245016e-02 6.031522105994696625e-02 6.228096734229469217e-02 6.418434762175732888e-02 6.602343989385392464e-02 6.779641499738496557e-02 6.950153489621810343e-02 7.113715116498597890e-02 7.270170361140054771e-02 7.419371898156298939e-02 7.561180968712669093e-02 7.695467254792157097e-02 7.822108753168376116e-02 7.940991648040349182e-02 8.052010183535639187e-02 8.155066535656139981e-02 8.250070684451893399e-02 8.336940288128405485e-02 8.415600559639052625e-02 8.485984146839273268e-02 8.548031017543382404e-02 8.601688350324565580e-02 8.646910432092826115e-02 8.683658563408756803e-02 8.711900972041478064e-02 8.731612735421771798e-02 8.742775712559897050e-02 8.745378485599678009e-02
8.300154431606900085e-02 8.286315658868322054e-02 8.264342043401282090e-02 8.234247743509709450e-02 8.196053340790432351e-02 8.149786091756382189e-02 8.095479590658587188e-02 8.033173237844191961e-02 7.962912502353498845e-02 7.884749632784120166e-02 7.798743585861371563e-02 7.704959337795305729e-02 7.603467829166321579e-02 7.494346523635611601e-02 7.377679492575067721e-02 7.253556981963478478e-02 7.122075267138310017e-02 6.983336852067816014e-02 6.837450468954817118e-02 6.684530783115227859e-02 6.524698163708791965e-02 6.358078610740734715e-02 6.184803562831329982e-02 6.005009515058126052e-02 5.818837616560276760e-02 5.626433276056558991e-02 5.427945652945372068e-02 5.223526987996766902e-02 5.013331831932292537e-02 4.797516164998678889e-02 4.576236357157269924e-02 4.349647950842130267e-02 4.117904261953189010e-02 3.881154843054479553e-02 3.639543863827372772e-02 3.393208555345116062e-02 3.142278106568135998e-02 2.886873832221542591e-02 2.627112409568926887e-02 2.363116155052720838e-02 2.095039309731025826e-02 1.823130759935165032e-02 1.547879150121719838e-02 1.270338199323643377e-02 9.928092758235671639e-03 7.200533011339806978e-03 4.604774871361363986e-03 2.231884151994818159e-03 0.000000000000000000e+00 2.151689132858846353e-03 4.356420442681158828e-03 6.632738946799094856e-03 8.976272269268573134e-03 1.137348387176391126e-02 1.380922809944563727e-02 1.626976328336541058e-02 1.874351934565612193e-02 2.122098262705635063e-02 2.369432809730021017e-02 2.615704017726438319e-02 2.860359585054558437e-02 3.102922006353031267e-02 3.342970352613826995e-02 3.580126903402421762e-02 3.814047442548453015e-02 4.044414214900803745e-02 4.270930847474662534e-02 4.493318672812130626e-02 4.711314081218016814e-02 4.924666610903263853e-02 5.133137569280823986e-02 5.336499044739022313e-02 5.534533189467538694e-02 5.727031705150881918e-02 5.913795467160574970e-02 6.094634247437599739e-02 6.269366507867393801e-02 6.437819237355432711e-02 6.599827820905036779e-02 6.755235927184208289e-02 6.903895406074112007e-02 7.045666192494778879e-02 7.180416210901346963e-02 7.308021279270898729e-02 7.428365011945925467e-02 7.541338719491538778e-02 7.646841306552859541e-02 7.744779168281301640e-02 7.835066085684397330e-02 7.917623121344674608e-02 7.992378516213945183e-02 8.059267588405145954e-02 8.118232635457849067e-02 8.169222840942602648e-02 8.212194186095879422e-02 8.247109367541949343e-02 8.273937721806905177e-02 8.292655157109830866e-02 8.303244092923160735e-02 8.305693407595522715e-02
7.868845598951361431e-02 7.855686747839187023e-02 7.834806695934547205e-02 7.806218925653041207e-02 7.769943023553679828e-02 7.726004907720088188e-02 7.674436638230658358e-02 7.615275952532876702e-02 7.548566331290915143e-02 7.474357580630305864e-02 7.392705946608187084e-02 7.303673575591165812e-02 7.207328289890510553e-02 7.103743989199853837e-02 6.993000861256455647e-02 6.875185072068892844e-02 6.750388521419167787e-02 6.618708946015308681e-02 6.480249985900490839e-02 6.335120962702794900e-02 6.183436612667539412e-02 6.025316968604744333e-02 5.860887207961797130e-02 5.690277320872627609e-02 5.513621703457806389e-02 5.331058753996837513e-02 5.142730385231249896e-02 4.948781377274205640e-02 4.749358589109797107e-02 4.544610019043445609e-02 4.334683664620122417e-02 4.119726101965529713e-02 3.899880690909731523e-02 3.675285317951131059e-02 3.446069489530802221e-02 3.212350498339394678e-02 2.974228265228349988e-02 2.731778267258180501e-02 2.485041806637354467e-02 2.234013017556016681e-02 1.978623788112329057e-02 1.718735652272242176e-02 1.454176735897774048e-02 1.184959490153780770e-02 9.121159265180433379e-03 6.403748677020017210e-03 3.850369480309656818e-03 1.795114984105334113e-03 0.000000000000000000e+00 1.953547538320816231e-03 4.000636959590868694e-03 6.147792267192461746e-03 8.375203748231876966e-03 1.066031729663156381e-02 1.298388008827687859e-02 1.533063452288248134e-02 1.768868648249539294e-02 2.004870647147808174e-02 2.240325277704061091e-02 2.474625525154047767e-02 2.707263768148383473e-02 2.937804679992579715e-02 3.165866000651055417e-02 3.391104958770062294e-02 3.613208738163316280e-02 3.831887774172844374e-02 4.046871057030813901e-02 4.257902831244077951e-02 4.464740278824113479e-02 4.667151896701141750e-02 4.864916354511533009e-02 5.057821700982262358e-02 5.245664806157500359e-02 5.428250974862074835e-02 5.605393677454789669e-02 5.776914358999806626e-02 5.942642305051282908e-02 6.102414540765193490e-02 6.256075752392448175e-02 6.403478221597734554e-02 6.544481763931217499e-02 6.678953669341543276e-02 6.806768641037928835e-02 6.927808730641672741e-02 7.041963269785031510e-02 7.149128796978820866e-02 7.249208980616898834e-02 7.342114539222394098e-02 7.427763158953493150e-02 7.506079409665003532e-02 7.576994660861116615e-02 7.640446998322281136e-02 7.696381142519473362e-02 7.744748369896072016e-02 7.785506437798142554e-02 7.818619514017005612e-02 7.844058111643222031e-02 7.861799029690880181e-02 7.871825300018696348e-02 7.874126140929657569e-02
7.445240709729626649e-02 7.432754517183196019e-02 7.412954713204286672e-02 7.385854110463478672e-02 7.351471321501459877e-02 7.309830951458706760e-02 7.260963511409643245e-02 7.204905038442412091e-02 7.141697033727775756e-02 7.071386901601908748e-02 6.994028171606250788e-02 6.909680122046450712e-02 6.818407470573767393e-02 6.720280612062590198e-02 6.615375882852625455e-02 6.503775384935001069e-02 6.385566708629682176e-02 6.260842936939602088e-02 6.129702734776193429e-02 5.992250210505063041e-02 5.848594653510097441e-02 5.698850376255779060e-02 5.543136584004416945e-02 5.381577104017998270e-02 5.214300006905070450e-02 5.041437208475613857e-02 4.863124009766075367e-02 4.679498496348986902e-02 4.490700772907437605e-02 4.296872011241317790e-02 4.098153263210193437e-02 3.894683917346079133e-02 3.686599634032169948e-02 3.474029546447565675e-02 3.257092332242036981e-02 3.035890503618930703e-02 2.810501779790115784e-02 2.580965535547431397e-02 2.347260694626519123e-02 2.109268289336886995e-02 1.866705966602214689e-02 1.619010969289785828e-02 1.365133185632748727e-02 1.103208577404478537e-02 8.303225483605836815e-03 5.442967415371867922e-03 2.597879811783686266e-03 1.098240663903246941e-03 0.000000000000000000e+00 1.661810970588060120e-03 3.544725268191634138e-03 5.582516505957282188e-03 7.716349604406812744e-03 9.908607425282085421e-03 1.213523610811352224e-02 1.438009426284984210e-02 1.663176214146716222e-02 1.888177148913764564e-02 2.112358004872307016e-02 2.335194072533537321e-02 2.556249505137375352e-02 2.775150389415220048e-02 2.991566703646660746e-02 3.205200166399729128e-02 3.415776058899592377e-02 3.623037707276693942e-02 3.826742764246632983e-02 4.026660702049997265e-02 4.222571119821924568e-02 4.414262611866370811e-02 4.601532006925309476e-02 4.784183869854857774e-02 4.962030175726538789e-02 5.134890102531911027e-02 5.302589904737479293e-02 5.464962835774331285e-02 5.621849104897957972e-02 5.773095852066086053e-02 5.918557131279095218e-02 6.058093897601505434e-02 6.191573991468069665e-02 6.318872119041085700e-02 6.439869826837925360e-02 6.554455468608894053e-02 6.662524165719095615e-02 6.763977761075190553e-02 6.858724766785055660e-02 6.946680306929287063e-02 7.027766056167933373e-02 7.101910175387338153e-02 7.169047245746912322e-02 7.229118201922951625e-02 7.282070265646642393e-02 7.327856880839839215e-02 7.366437651082767546e-02 7.397778280186256827e-02 7.421850516725911340e-02 7.438632103118736350e-02 7.448106729648223956e-02 7.450263993818066754e-02
7.028933311522314598e-02 7.017112932576570483e-02 6.998380747312567263e-02 6.972748905531753194e-02 6.940235062675953470e-02 6.900862535439858392e-02 6.854660282385899306e-02 6.801662610735331738e-02 6.741909042299007448e-02 6.675444616476272630e-02 6.602320156999805234e-02 6.522592047245562297e-02 6.436321903164893277e-02 6.343576667247381728e-02 6.244428869156598561e-02 6.138956569150094689e-02 6.027243100715156537e-02 5.909376995065579452e-02 5.785452059194292479e-02 5.655567312215981080e-02 5.519826761157199668e-02 5.378339221654824392e-02 5.231218197199655889e-02 5.078581670561961581e-02 4.920551780687296151e-02 4.757254454461433413e-02 4.588818989275656596e-02 4.415377524387360114e-02 4.237064348372905631e-02 4.054015005534682831e-02 3.866365155438857698e-02 3.674249053648895313e-02 3.477797457321675501e-02 3.277134674249276847e-02 3.072374268142506748e-02 2.863612599548025564e-02 2.650918731993400640e-02 2.434318047552447989e-02 2.213764534530065706e-02 1.989091623226586086e-02 1.759919743461407088e-02 1.525468810715065182e-02 1.284137074793187394e-02 1.032420691917397028e-02 7.616717540460984405e-03 4.467058920365751806e-03 0.000000000000000000e+00 0.000000000000000000e+00 0.000000000000000000e+00 1.148928920600622875e-03 2.933883141355087768e-03 4.921133540802662479e-03 6.998994281980686766e-03 9.122439690660053002e-03 1.126826560921607469e-02 1.342263789859024330e-02 1.557638086616554979e-02 1.772291320813146678e-02 1.985722283357829396e-02 2.197529223562993614e-02 2.407374993064512539e-02 2.614965138644586087e-02 2.820034021361871035e-02 3.022336031498728398e-02 3.221640062265564847e-02 3.417726049213982986e-02 3.610382815986754035e-02 3.799406752298091494e-02 3.984601009840271074e-02 4.165775037658917684e-02 4.342744323989356642e-02 4.515330275060355780e-02 4.683360177591517487e-02 4.846667210458480146e-02 5.005090488030240758e-02 5.158475116025772189e-02 5.306672252888649383e-02 5.449539169356756169e-02 5.586939300332539882e-02 5.718742289110878563e-02 5.844824020699820877e-02 5.965066643348922171e-02 6.079358579142508934e-02 6.187594523179700684e-02 6.289675432724575743e-02 6.385508507178834503e-02 6.475007159311882421e-02 6.558090979674002785e-02 6.634685695413317097e-02 6.704723124323355710e-02 6.768141125636449595e-02 6.824883548862038796e-02 6.874900181611469374e-02 6.918146697564553360e-02 6.954584605521912932e-02 6.984181200368019815e-02 7.006909516755213674e-02 7.022748286106816895e-02 7.031681897371561130e-02 7.033700361964242975e-02
6.619522745484776594e-02 6.608361735135018233e-02 6.590685212125438341e-02 6.566504670567682722e-02 6.535836822377177890e-02 6.498703717925845280e-02 6.455132767171868624e-02 6.405156525829816538e-02 6.348812530647485186e-02 6.286143485927733754e-02 6.217197529860368083e-02 6.142028135400762895e-02 6.060693812570572270e-02 5.973258092533328262e-02 5.879789747122897425e-02 5.780362822542826906e-02 5.675056436120609615e-02 5.563954651371075949e-02 5.447146525554407565e-02 5.324726102170705688e-02 5.196792245642097713e-02 5.063448465300805085e-02 4.924802801362392068e-02 4.780967674371136567e-02 4.632059636730236074e-02 4.478199061986467416e-02 4.319509791286713085e-02 4.156118703333052528e-02 3.988155145702034637e-02 3.815750180130804414e-02 3.639035603054759094e-02 3.458142629195518070e-02 3.273200059468163448e-02 3.084331666157335075e-02 2.891652363800052694e-02 2.695262456876285420e-02 2.495238734783851095e-02 2.291620299449655118e-02 2.084385369560861137e-02 1.873412221861450039e-02 1.658411588321747482e-02 1.438807220856118396e-02 1.213526187066245841e-02 9.806668812210851682e-03 7.372406928224106704e-03 4.808602659717086877e-03 2.254144494142589286e-03 1.008410210863482440e-03 0.000000000000000000e+00 0.000000000000000000e+00 2.120700717042380001e-03 4.169081934279996945e-03 6.235984366957963987e-03 8.313811018929461241e-03 1.039265858090287348e-02 1.246571174405103864e-02 1.452810246915633118e-02 1.657616175097490971e-02 1.860698214862160915e-02 2.061812429666080165e-02 2.260742271844171092e-02 2.457286630805059768e-02 2.651253031433726051e-02 2.842454062918789437e-02 3.030705691043765471e-02 3.215826612701193354e-02 3.397638147494347338e-02 3.575964402901288253e-02 3.750632551030555484e-02 3.921473151578067778e-02 4.088320474174231278e-02 4.251012804557943725e-02 4.409392727821816876e-02 4.563307381596273110e-02 4.712608683629523898e-02 4.857153530903608740e-02 4.996803971782573517e-02 5.131427354399913099e-02 5.260896450702939181e-02 5.385089559310704543e-02 5.503890587850929911e-02 5.617189115828987583e-02 5.724880441193867797e-02 5.826865611256672184e-02 5.923051439304535815e-02 6.013350509313865333e-02 6.097681169956545300e-02 6.175967519491728369e-02 6.248139383181004758e-02 6.314132284491330571e-02 6.373887411645938472e-02 6.427351580890405813e-02 6.474477197429065467e-02 6.515222215277471918e-02 6.549550097126721759e-02 6.577429774959284159e-02 6.598835612190766253e-02 6.613747368090223955e-02 6.622150164951343121e-02 6.624034458384575608e-02
6.216613873197691931e-02 6.206106169615887430e-02 6.189474012084568433e-02 6.166728246112655742e-02 6.137884650816786275e-02 6.102964029205196900e-02 6.061992250770264351e-02 6.015000104985424034e-02 5.962023134372184535e-02 5.903101729642439705e-02 5.838281367302326774e-02 5.767612603994076714e-02 5.691150835467105595e-02 5.608956209344017479e-02 5.521093785274125421e-02 5.427633625545021101e-02 5.328650661565299818e-02 5.224224552156915558e-02 5.114439695836106581e-02 4.999385258367818052e-02 4.879155073721294644e-02 4.753847495281304791e-02 4.623565294181797986e-02 4.488415561328384235e-02 4.348509543615496770e-02 4.203962415346496062e-02 4.054893012507685551e-02 3.901423525976754902e-02 3.743679100340004812e-02 3.581787291143058438e-02 3.415877354981962377e-02 3.246079301435374209e-02 3.072522586885927456e-02 2.895334270920381717e-02 2.714636374455630177e-02 2.530542052667608677e-02 2.343149993040112219e-02 2.152536211248115214e-02 1.958742215081950983e-02 1.761758733580356950e-02 1.561506238756970276e-02 1.357822025867996829e-02 1.150493971977775177e-02 9.394810352577472393e-03 7.257655780275704301e-03 5.140819265088603443e-03 3.199561547363916850e-03 1.779496521438640082e-03 6.999207268745960293e-04 0.000000000000000000e+00 1.379794770449598159e-03 3.398455509871157326e-03 5.461985690003342588e-03 7.504086869409795982e-03 9.522762180050835940e-03 1.151935580583167938e-02 1.349405519353949479e-02 1.544654123642764769e-02 1.737630449231562443e-02 1.928267790111772712e-02 2.116482148271664476e-02 2.302172556096770614e-02 2.485223272541328340e-02 2.665506771291838162e-02 2.842886738477311270e-02 3.017220736684279175e-02 3.188362419790717606e-02 3.356163332828589196e-02 3.520474347563280065e-02 3.681146811433869126e-02 3.838033468657243985e-02 3.990989202251653961e-02 4.139871640750188847e-02 4.284541654221176582e-02 4.424863764890245993e-02 4.560706487782823643e-02 4.691942612968338228e-02 4.818449441581192094e-02 4.940108980287621215e-02 5.056808100609771345e-02 5.168438668848288758e-02 5.274897649416705747e-02 5.376087185420042047e-02 5.471914659173491430e-02 5.562292735007497158e-02 5.647139387358601076e-02 5.726377915747055819e-02 5.799936948465252151e-02 5.867750437262410357e-02 5.929757644471227163e-02 5.985903123914253221e-02 6.036136697265794687e-02 6.080413427100644919e-02 6.118693587704614884e-02 6.150942634754527627e-02 6.177131174789560891e-02 6.197234935247367127e-02 6.211234735777813876e-02 6.219116461374511740e-02 6.220871037746558696e-02
5.819816799005658736e-02 5.809956708566484107e-02 5.794358267532875167e-02 5.773031679365164121e-02 5.745991798658844907e-02 5.713258196528418764e-02 5.674855211865720978e-02 5.630811858629040240e-02 5.581161674263022954e-02 5.525942749035803181e-02 5.465197920589930092e-02 5.398974830098636490e-02 5.327325748778145853e-02 5.250307455312012289e-02 5.167981334046455738e-02 5.080413491918021884e-02 4.987674695118165386e-02 4.889840238727015398e-02 4.786989930144910921e-02 4.679208133725367563e-02 4.566583734752088786e-02 4.449210036135569507e-02 4.327184679860862637e-02 4.200609597585754085e-02 4.069590933441848829e-02 3.934238914803022541e-02 3.794667695464983004e-02 3.650995191215754276e-02 3.503342875570346349e-02 3.351835500073992863e-02 3.196600731987808697e-02 3.037768687698265413e-02 2.875471321949420525e-02 2.709841617991145049e-02 2.541012529786204968e-02 2.369115666497538519e-02 2.194279818933637244e-02 2.016629750090349893e-02 1.836286526051197909e-02 1.653372805872749957e-02 1.468031720550732472e-02 1.280480344658382896e-02 1.091146852205629111e-02 9.009984083175935285e-03 7.122597023815941883e-03 5.297467615333294882e-03 3.623790568774897837e-03 2.210097831322735320e-03 1.020190167057454271e-03 0.000000000000000000e+00 0.000000000000000000e+00 2.582911291897853345e-03 4.709355898706860805e-03 6.717719149566183691e-03 8.674869560594870854e-03 1.059480838305373353e-02 1.248212805890993628e-02 1.433954326301457166e-02 1.616890972033778115e-02 1.797134793866520669e-02 1.974734020821456576e-02 2.149685628088991024e-02 2.321947622143171255e-02 2.491449359124929888e-02 2.658099585170852971e-02 2.821792509436741800e-02 2.982412323398236226e-02 3.139836571885451511e-02 3.293938678149892219e-02 3.444589856729926569e-02 3.591660582482426867e-02 3.735021730406333507e-02 3.874545475978134756e-02 4.010106011456672503e-02 4.141580122694476368e-02 4.268847659317311083e-02 4.391791918282133417e-02 4.510299959231398731e-02 4.624262863248809058e-02 4.733575944856186629e-02 4.838138925730275930e-02 4.937856074644247917e-02 5.032636319026309590e-02 5.122393332880422617e-02 5.207045603616370505e-02 5.286516481025871350e-02 5.360734211241016678e-02 5.429631957749013471e-02 5.493147811610151615e-02 5.551224792750546894e-02 5.603810843918397011e-02 5.650858818968951258e-02 5.692326466772508475e-02 5.728176411890956166e-02 5.758376133214837544e-02 5.782897941517931711e-02 5.801718956667475946e-02 5.814821085253034372e-02 5.822190999264245659e-02 5.823820116233652255e-02
5.428746589047694915e-02 5.419528773278374512e-02 5.404954037039370190e-02 5.385031947456916934e-02 5.359776440685343896e-02 5.329205867860024176e-02 5.293343047047630034e-02 5.252215211282162954e-02 5.205853881497116142e-02 5.154294853040164437e-02 5.097578343303229426e-02 5.035749082371106244e-02 4.968856205912920709e-02 4.896953126369268938e-02 4.820097577373138459e-02 4.738351733315822323e-02 4.651782206404989767e-02 4.560459947418198101e-02 4.464460213201025540e-02 4.363862616370412645e-02 4.258751142351595992e-02 4.149214101699188334e-02 4.035344086556184873e-02 3.917237967871891463e-02 3.794996900624492825e-02 3.668726301400369177e-02 3.538535813945956066e-02 3.404539297361482142e-02 3.266854829890475376e-02 3.125604713093197567e-02 2.980915489562143555e-02 2.832917997870968568e-02 2.681747502900820590e-02 2.527543965650158597e-02 2.370452585461318984e-02 2.210624899419270928e-02 2.048221012117143122e-02 1.883414101164430574e-02 1.716399498261662881e-02 1.547412910422883009e-02 1.376766652772044332e-02 1.204920414950564830e-02 1.032614760247051178e-02 8.611064977488154526e-03 6.925287815273198366e-03 5.302671723517855991e-03 3.788042691210870803e-03 2.416922356189576265e-03 1.170752985899892922e-03 0.000000000000000000e+00 6.957924809682308276e-04 2.223777169808252227e-03 4.074749296574881746e-03 5.982499215893576083e-03 7.864116032228219214e-03 9.702800517824579363e-03 1.150001901579239712e-02 1.326050124731531672e-02 1.498834428802699181e-02 1.668635915542462586e-02 1.835622475415610300e-02 1.999876735466333752e-02 2.161420135082312705e-02 2.320230867419393120e-02 2.476256669723504722e-02 2.629423874791055743e-02 2.779643842753577732e-02 2.926817592443865454e-02 3.070839184781937181e-02 3.211598233322479623e-02 3.348981802337454294e-02 3.482875860415312469e-02 3.613166413152019141e-02 3.739740396751813079e-02 3.862486391306953204e-02 3.981295197510425349e-02 4.096060303981103462e-02 4.206678269495052469e-02 4.313049037160728710e-02 4.415076191522875060e-02 4.512667169313170495e-02 4.605733431406635464e-02 4.694190601878130142e-02 4.777958579499970437e-02 4.856961625376798181e-02 4.931128430518778860e-02 5.000392166540335026e-02 5.064690521720834060e-02 5.123965724868127791e-02 5.178164559239048503e-02 5.227238368050329820e-02 5.271143053220413155e-02 5.309839068916322874e-02 5.343291411092809112e-02 5.371469604101077044e-02 5.394347685432591966e-02 5.411904189436647639e-02 5.424122130713908418e-02 5.430988987828794246e-02 5.432496687849194816e-02
5.043022987298097920e-02 5.034442451962031773e-02 5.020882037297560996e-02 5.002350678674762074e-02 4.978861397897185737e-02 4.950431334630930186e-02 4.917081794549563178e-02 4.878838226687503415e-02 4.835730124051368373e-02 4.787790986100063512e-02 4.735058422511971565e-02 4.677574257174579170e-02 4.615384478730027301e-02 4.548539125996323845e-02 4.477092292582376259e-02 4.401102233811672593e-02 4.320631409129864486e-02 4.235746424364843221e-02 4.146517998035985364e-02 4.053021010516324324e-02 3.955334561398675397e-02 3.853541979320292826e-02 3.747730822849547339e-02 3.637992923763039288e-02 3.524424466601318306e-02 3.407126070564527737e-02 3.286202880581316765e-02 3.161764707219379827e-02 3.033926231139919341e-02 2.902807280479861862e-02 2.768533213218920749e-02 2.631235461359916067e-02 2.491052333582704365e-02 2.348130224602816216e-02 2.202625475753109893e-02 2.054707321502175291e-02 1.904562674883102796e-02 1.752404046414843958e-02 1.598482809024565424e-02 1.443111480513970847e-02 1.286700789170380603e-02 1.129819532577601773e-02 9.732852785862357997e-03 8.182843625449014169e-03 6.664823213385919452e-03 5.199896095482759578e-03 3.808794671060758506e-03 2.498806525461883758e-03 1.245913574827689973e-03 0.000000000000000000e+00 5.593552934946124976e-04 1.541615460314548934e-03 3.383313905500876309e-03 5.273352395314498398e-03 7.096227528203448952e-03 8.852184883394967341e-03 1.055456642993005643e-02 1.221401288733043114e-02 1.383751602162917871e-02 1.542942334419261305e-02 1.699233094561343818e-02 1.852768079380407926e-02 2.003614224845228983e-02 2.151785765820211915e-02 2.297260382656561226e-02 2.439990097749539927e-02 2.579908809401345801e-02 2.716937627339199163e-02 2.850988737621194119e-02 2.981968256905899797e-02 3.109778384743144830e-02 3.234319050504006615e-02 3.355489195629825228e-02 3.473187786702257307e-02 3.587314622862008279e-02 3.697770987525778041e-02 3.804460178049071106e-02 3.907287938982394182e-02 4.006162818142045695e-02 4.100996458886282253e-02 4.191703840909783568e-02 4.278203478121943293e-02 4.360417579781003528e-02 4.438272181393853461e-02 4.511697249960552880e-02 4.580626767065628518e-02 4.644998793452469882e-02 4.704755517979636315e-02 4.759843293240764717e-02 4.810212660138833696e-02 4.855818363295041906e-02 4.896619358941657618e-02 4.932578816824523260e-02 4.963664117405483522e-02 4.989846845491772293e-02 5.011102781353934943e-02 5.027411890180980697e-02 5.038758310601750001e-02 5.045130342953082353e-02 5.046520437822812899e-02
4.662270129466607876e-02 4.654322215781548505e-02 4.641767360916117247e-02 4.624613871784873792e-02 4.602873858094963522e-02 4.576563253390224240e-02 4.545701857293104470e-02 4.510313332786840962e-02 4.470425133743335944e-02 4.426068457510159981e-02 4.377278311765093327e-02 4.324093617145375462e-02 4.266557202992893316e-02 4.204715718969934124e-02 4.138619615446204741e-02 4.068323230367211496e-02 3.993884860849682833e-02 3.915366748903596067e-02 3.832835059455280691e-02 3.746359928548384510e-02 3.656015548558046863e-02 3.561880230575704964e-02 3.464036454395676146e-02 3.362570957273468275e-02 3.257574877454165463e-02 3.149143929610748877e-02 3.037378613572913957e-02 2.922384493751952264e-02 2.804272580776626458e-02 2.683159845249534492e-02 2.559169910081449464e-02 2.432433996438495422e-02 2.303092250951497416e-02 2.171295641396074616e-02 2.037208701699010777e-02 1.901013576587542303e-02 1.762916067614312202e-02 1.623154753140629986e-02 1.482014761655828586e-02 1.339848351517420114e-02 1.197104800470615189e-02 1.054371306912794785e-02 9.124224382002919104e-03 7.722636124785779536e-03 6.351270275021981757e-03 5.023301707989541107e-03 3.748442236360756321e-03 2.523606914906089977e-03 1.314110075613605716e-03 0.000000000000000000e+00 0.000000000000000000e+00 0.000000000000000000e+00 2.643492721413825269e-03 4.631312478634495161e-03 6.395193931026196647e-03 8.055076756027360063e-03 9.651975468242059847e-03 1.120338940262825475e-02 1.271820031007084122e-02 1.420139930705661101e-02 1.565590244708879933e-02 1.708338582166850014e-02 1.848472821367367139e-02 1.986027088455917175e-02 2.120998113030888102e-02 2.253356072679081612e-02 2.383052067411697839e-02 2.510023434011370014e-02 2.634197628390890292e-02 2.755495120003638096e-02 2.873831595031098654e-02 2.989119660624256491e-02 3.101270182791841801e-02 3.210193350617555202e-02 3.315799530034196918e-02 3.417999957270884126e-02 3.516707305468280004e-02 3.611836149117000905e-02 3.703303347673662926e-02 3.791028362564348442e-02 3.874933518955336886e-02 3.954944222089448735e-02 4.030989135266384998e-02 4.103000325634429540e-02 4.170913382753662496e-02 4.234667513921593074e-02 4.294205619989847900e-02 4.349474354621087752e-02 4.400424169398999691e-02 4.447009347255066053e-02 4.489188026132802378e-02 4.526922214485496615e-02 4.560177800217757316e-02 4.588924554440817344e-02 4.613136131109454863e-02 4.632790063599408897e-02 4.647867759155635548e-02 4.658354491934228736e-02 4.664239395279801831e-02 4.665515453824074094e-02
4.286116254969196682e-02 4.278796632983879883e-02 4.267239192447855323e-02 4.251451613738805452e-02 4.231445095050979238e-02 4.207234366332001513e-02 4.178837725031810807e-02 4.146277046033306629e-02 4.109577733054192716e-02 4.068768671056824382e-02 4.023882264675739812e-02 3.974954530576659678e-02 3.922025125126289702e-02 3.865137286922683268e-02 3.804337807143151617e-02 3.739677095139640889e-02 3.671209264778753367e-02 3.598992159213751374e-02 3.523087349516189348e-02 3.443560184603558505e-02 3.360479893868206780e-02 3.273919692650320568e-02 3.183956880427410430e-02 3.090672972983069325e-02 2.994153898461036911e-02 2.894490249689479072e-02 2.791777593296174143e-02 2.686116866636802103e-02 2.577614901667042713e-02 2.466385121000885111e-02 2.352548460980272843e-02 2.236234601302816011e-02 2.117583633516768871e-02 1.996748354567765352e-02 1.873897445155157243e-02 1.749219911617195394e-02 1.622931321588812204e-02 1.495282547405274443e-02 1.366571890715482379e-02 1.237161457314205071e-02 1.107498168974305024e-02 9.781381724200894148e-03 8.497695482744767326e-03 7.232208640602586121e-03 5.994324671331787563e-03 4.793604811197598597e-03 3.638074189317417901e-03 2.533079694159194682e-03 1.486934246398156738e-03 5.490292143429688614e-04 0.000000000000000000e+00 9.205511880464793510e-04 2.559284439782750359e-03 4.213153829962698257e-03 5.798099609807334104e-03 7.320889653867321094e-03 8.794802056963486880e-03 1.022929750283124370e-02 1.163042092019282367e-02 1.300199144455230389e-02 1.434641008717805512e-02 1.566514436511097508e-02 1.695902275030439221e-02 1.822842184215389336e-02 1.947339099699578469e-02 2.069373879714549516e-02 2.188909509997719050e-02 2.305895675101488768e-02 2.420272205207295302e-02 2.531971718799705742e-02 2.640921684379212570e-02 2.747046049702098550e-02 2.850266541650747776e-02 2.950503716366287624e-02 3.047677813657640594e-02 3.141709456786478949e-02 3.232520229252842936e-02 3.320033151837331609e-02 3.404173078964249644e-02 3.484867028049298820e-02 3.562044453171325786e-02 3.635637472837870143e-02 3.705581058591623372e-02 3.771813190521458581e-02 3.834274985159497745e-02 3.892910799629078350e-02 3.947668315538160194e-02 3.998498605946267798e-02 4.045356187863157621e-02 4.088199062505831066e-02 4.126988745409783388e-02 4.161690288092973616e-02 4.192272292732091704e-02 4.218706921241354574e-02 4.240969899909196456e-02 4.259040520591205609e-02 4.272901639361096487e-02 4.282539673392061347e-02 4.287944596716439238e-02 4.289109935434936433e-02
3.914193417556469101e-02 3.907498081551288166e-02 3.896930522825649279e-02 3.882497795792417411e-02 3.864210186207725495e-02 3.842081220491332105e-02 3.816127695280467635e-02 3.786369694610633441e-02 3.752830561069626925e-02 3.715536853987426447e-02 3.674518367827919740e-02 3.629808209967132215e-02 3.581442848103544296e-02 3.529462083013318319e-02 3.473909019929863340e-02 3.414830115693696239e-02 3.352275268598035873e-02 3.286297873950922571e-02 3.216954847362848285e-02 3.144306680060431070e-02 3.068417551224438683e-02 2.989355464853228270e-02 2.907192390171688123e-02 2.822004432631636250e-02 2.733872070533113416e-02 2.642880464395574308e-02 2.549119842664647473e-02 2.452685987363883990e-02 2.353680859129212224e-02 2.252213414082948270e-02 2.148400669375320413e-02 2.042369091295872033e-02 1.934256423678952855e-02 1.824214114985654028e-02 1.712410550334742682e-02 1.599035358854142275e-02 1.484305127882333715e-02 1.368470898558027220e-02 1.251827769494571509e-02 1.134726679958794268e-02 1.017587783300181493e-02 9.009134622898526401e-03 7.852967548531035458e-03 6.714180823894641895e-03 5.600219448615480732e-03 4.518724914029552571e-03 3.477177824515973424e-03 2.483712508886682258e-03 1.551527247975272071e-03 7.091871609917589983e-04 0.000000000000000000e+00 1.122870776348405038e-03 2.459888873792731665e-03 3.863866642393415027e-03 5.263106650936054225e-03 6.635522762815019952e-03 7.976984747615347565e-03 9.288513215484638791e-03 1.057212646715231970e-02 1.182966398534172209e-02 1.306252720699417266e-02 1.427168059486137557e-02 1.545771518193386068e-02 1.662091827053708420e-02 1.776133479939880425e-02 1.887881812513161894e-02 1.997307124798208128e-02 2.104368003837989859e-02 2.209014008840414628e-02 2.311187846381222016e-02 2.410827139853441090e-02 2.507865875992913371e-02 2.602235592362732788e-02 2.693866358505573114e-02 2.782687588213013374e-02 2.868628714604827545e-02 2.951619754270689774e-02 3.031591778296516965e-02 3.108477306519100494e-02 3.182210638260316027e-02 3.252728129018958581e-02 3.319968421871365150e-02 3.383872640676696686e-02 3.444384550599338679e-02 3.501450690969147572e-02 3.555020484550511228e-02 3.605046326650095112e-02 3.651483657160711077e-02 3.694291018045785246e-02 3.733430098520979651e-02 3.768865769937068677e-02 3.800566112023624765e-02 3.828502431967074904e-02 3.852649277692177243e-02 3.872984446461055774e-02 3.889488989768551813e-02 3.902147215447008405e-02 3.910946687740083499e-02 3.915878225969222914e-02 3.916935902373398781e-02
3.546137194707373042e-02 3.540062460506339381e-02 3.530477862417468610e-02 3.517389828186393008e-02 3.500807728903700816e-02 3.480743885483769673e-02 3.457213592744708130e-02 3.430235140033142949e-02 3.399829797752702137e-02 3.366021784319664367e-02 3.328838271830816126e-02 3.288309448248870337e-02 3.244468574490656787e-02 3.197351983211470239e-02 3.146999058502149282e-02 3.093452269392167608e-02 3.036757255614344966e-02 2.976962904079645533e-02 2.914121396340069517e-02 2.848288272270442512e-02 2.779522546824212195e-02 2.707886866326112557e-02 2.633447681257598122e-02 2.556275448690148791e-02 2.476444897333523673e-02 2.394035373445665971e-02 2.309131276395530799e-02 2.221822601058284427e-02 2.132205621525320657e-02 2.040383767917593530e-02 1.946468749673159471e-02 1.850581987891978392e-02 1.752856449633934804e-02 1.653439001966587954e-02 1.552493427406785934e-02 1.450204261988000815e-02 1.346781615332897676e-02 1.242467093081056975e-02 1.137540806519170625e-02 1.032329153135625593e-02 9.272124993380644747e-03 8.226310354669493993e-03 7.190860266216080737e-03 6.171330519449185099e-03 5.173651930522741790e-03 4.203903625999984642e-03 3.268207056346509459e-03 2.373073671559300640e-03 1.526284008306728283e-03 7.362011305283596265e-04 0.000000000000000000e+00 1.111004941994467093e-03 2.293490697908491006e-03 3.519271306212325492e-03 4.754889041842997807e-03 5.981058634493507248e-03 7.189046640970380223e-03 8.375586807766665157e-03 9.539847418650923561e-03 1.068194751452449832e-02 1.180228796525474577e-02 1.290126661879085687e-02 1.397916739617413064e-02 1.503612693364819210e-02 1.607213496637709474e-02 1.708704843708051813e-02 1.808061023655081062e-02 1.905246840506928663e-02 2.000219408561371495e-02 2.092929753569596624e-02 2.183324206585629187e-02 2.271345605105259957e-02 2.356934317588537525e-02 2.440029114314965636e-02 2.520567907042711026e-02 2.598488375502383194e-02 2.673728498204044207e-02 2.746227001740016854e-02 2.815923740916422002e-02 2.882760020201296028e-02 2.946678864830540659e-02 3.007625249226030320e-02 3.065546288977022416e-02 3.120391401343033944e-02 3.172112439056365418e-02 3.220663801299755713e-02 3.266002524942551721e-02 3.308088359057666239e-02 3.346883825237478849e-02 3.382354265723040709e-02 3.414467881294779711e-02 3.443195760642080161e-02 3.468511902556525167e-02 3.490393232230874776e-02 3.508819612820623240e-02 3.523773853201751100e-02 3.535241712755696902e-02 3.543211903955711950e-02 3.547676093391693986e-02 3.548628901768935417e-02
3.181586396194261562e-02 3.176128900135755107e-02 3.167520952764645015e-02 3.155768353358889833e-02 3.140879555031404757e-02 3.122865669578341746e-02 3.101740486949188316e-02 3.077520496739508116e-02 3.050224885962986646e-02 3.019875515618903813e-02 2.986496919395714017e-02 2.950116351307047538e-02 2.910763844880324969e-02 2.868472231961690516e-02 2.823277134340827776e-02 2.775216988761283407e-02 2.724333124283148319e-02 2.670669849940395663e-02 2.614274522424824346e-02 2.555197619276719512e-02 2.493492856467342811e-02 2.429217353108210214e-02 2.362431824608143480e-02 2.293200806869334293e-02 2.221592937887879871e-02 2.147681320969229216e-02 2.071543983430298996e-02 1.993264443335828612e-02 1.912932411231922994e-02 1.830644672394685785e-02 1.746506195954481561e-02 1.660631519995598923e-02 1.573146477587493083e-02 1.484190338468750411e-02 1.393918446637540040e-02 1.302505424953633029e-02 1.210148981045247596e-02 1.117074273234852470e-02 1.023538643193576229e-02 9.298362627077217529e-03 8.363018544904059215e-03 7.433121640925396088e-03 6.512834435368714502e-03 5.606632407740521316e-03 4.719158900706056821e-03 3.855036661791856178e-03 3.018680309825212509e-03 2.214099325878404745e-03 1.444343104544547124e-03 7.093435843888258249e-04 0.000000000000000000e+00 1.027625746095964850e-03 2.083760985505065180e-03 3.164798966895425187e-03 4.256077030287694699e-03 5.344730964488696168e-03 6.422508700162394592e-03 7.484889739818024329e-03 8.529676180672750990e-03 9.555935519619342122e-03 1.056335296974510174e-02 1.155187065644232812e-02 1.252149874446419238e-02 1.347222284602577445e-02 1.440396338523536497e-02 1.531656215356012873e-02 1.620978270892086542e-02 1.708331733600233771e-02 1.793679672097050343e-02 1.876980035035150790e-02 1.958186661553403679e-02 2.037250215725156660e-02 2.114119025044149114e-02 2.188739821264974739e-02 2.261058387808459469e-02 2.331020120005332721e-02 2.398570508775746055e-02 2.463655556145812747e-02 2.526222130470693120e-02 2.586218270003606129e-02 2.643593441289258245e-02 2.698298758177369167e-02 2.750287167226786456e-02 2.799513603877171186e-02 2.845935123313399553e-02 2.889511009719088544e-02 2.930202866875208922e-02 2.967974692703931328e-02 3.002792940149389897e-02 3.034626566410685705e-02 3.063447072260043133e-02 3.089228533035646290e-02 3.111947622673572403e-02 3.131583631962650549e-02 3.148118482082369607e-02 3.161536734345647692e-02 3.171825596949509607e-02 3.178974929446211350e-02 3.182977245548925666e-02 3.183827714806394121e-02
2.820182771854986420e-02 2.815339471213816266e-02 2.807702477149993242e-02 2.797276957774477019e-02 2.784070444094828567e-02 2.768092833971357372e-02 2.749356407805099434e-02 2.727875849253841647e-02 2.703668250631297704e-02 2.676753098500846834e-02 2.647152269525660656e-02 2.614890065665375837e-02 2.579993270268367278e-02 2.542491180365462691e-02 2.502415610818223626e-02 2.459800915213056910e-02 2.414684052997449065e-02 2.367104679879125304e-02 2.317105229444417144e-02 2.264730994736893072e-02 2.210030243907566694e-02 2.153054384104427857e-02 2.093858162863074593e-02 2.032499903264098351e-02 1.969041790580984552e-02 1.903550235194753637e-02 1.836096329202093619e-02 1.766756406949692923e-02 1.695612729315752742e-02 1.622754328052531878e-02 1.548278046966965193e-02 1.472289814738955011e-02 1.394906187958182622e-02 1.316256201458542406e-02 1.236483557023240580e-02 1.155749157264125172e-02 1.074233939522571159e-02 9.921418801461868650e-03 9.097029037665516071e-03 8.271752356445446347e-03 7.448464821267810829e-03 6.630324589564102339e-03 5.820726145042510145e-03 5.023209747861892907e-03 4.241319727289945621e-03 3.478409995004665481e-03 2.737385364036189813e-03 2.020308329333252682e-03 1.327654596703967864e-03 6.568404209399530394e-04 0.000000000000000000e+00 9.157087224084855658e-04 1.849097077015032006e-03 2.800052299200068723e-03 3.759852508434965296e-03 4.719240605212132560e-03 5.671326433207298998e-03 6.611744171108387136e-03 7.537986943019296324e-03 8.448718355565942167e-03 9.343268792349920110e-03 1.022131351153777665e-02 1.108268152460389379e-02 1.192724809034799438e-02 1.275487772473784392e-02 1.356539668290208077e-02 1.435858224940304156e-02 1.513416126683845772e-02 1.589181355926193306e-02 1.663117774586242437e-02 1.735185796070999598e-02 1.805343071449315440e-02 1.873545146706021014e-02 1.939746068295248455e-02 2.003898930152702915e-02 2.065956359755391838e-02 2.125870945281325974e-02 2.183595608443348463e-02 2.239083927632445209e-02 2.292290416627743369e-02 2.343170763957438257e-02 2.391682037473043948e-02 2.437782858567585920e-02 2.481433549825630414e-02 2.522596259540381414e-02 2.561235066264378260e-02 2.597316066027922574e-02 2.630807444597939304e-02 2.661679536971706811e-02 2.689904875897707048e-02 2.715458231027602712e-02 2.738316640215235354e-02 2.758459434188649181e-02 2.775868255679518615e-02 2.790527074029815202e-02 2.802422196129241219e-02 2.811542274410250286e-02 2.817878312577020219e-02 2.821423669666823023e-02 2.822174062932313043e-02
2.461570718843207606e-02 2.457338893374260216e-02 2.450667770005386659e-02 2.441561882340833115e-02 2.430027834606950793e-02 2.416074305125653215e-02 2.399712058922226846e-02 2.380953966664871996e-02 2.359815014700914967e-02 2.336312298260925444e-02 2.310465017047984640e-02 2.282294500431414352e-02 2.251824257262932671e-02 2.219080015550244089e-02 2.184089737536761694e-02 2.146883639472201358e-02 2.107494248273649937e-02 2.065956487832529623e-02 2.022307767152786359e-02 1.976588067267734047e-02 1.928840052773746205e-02 1.879109228179097479e-02 1.827444136540785219e-02 1.773896593928964149e-02 1.718521968907218977e-02 1.661379528951263673e-02 1.602532873352918719e-02 1.542050462671654652e-02 1.480006258379683304e-02 1.416480497890892573e-02 1.351560630297803448e-02 1.285342434676577800e-02 1.217931339514712920e-02 1.149443952798844849e-02 1.080009798610275830e-02 1.009773225172395407e-02 9.388953954823581541e-03 8.675561942043177877e-03 7.959557757447801446e-03 7.243153375518783174e-03 6.528765404203175880e-03 5.818988460649308393e-03 5.116539537658035090e-03 4.424165387276478983e-03 3.744505819719229529e-03 3.079904604409775329e-03 2.432149988333922284e-03 1.802101989522649330e-03 1.189135355219252902e-03 5.903733657751387412e-04 0.000000000000000000e+00 7.860877483500824069e-04 1.596839677774899643e-03 2.426431736289238507e-03 3.264009200924909530e-03 4.101019781805504902e-03 4.931777836751377424e-03 5.752737550667115160e-03 6.561771539442694604e-03 7.357643182990816592e-03 8.139649931809909283e-03 8.907391323074078521e-03 9.660622716229565893e-03 1.039916599476786198e-02 1.112285727741766858e-02 1.183151802727610766e-02 1.252494070640963741e-02 1.320288328190279657e-02 1.386506892879315125e-02 1.451118866460070905e-02 1.514090550070245136e-02 1.575385925655487657e-02 1.634967151408126679e-02 1.692795041435175840e-02 1.748829514475063601e-02 1.803030002746550120e-02 1.855355818762257497e-02 1.905766480829520354e-02 1.954221998577319527e-02 2.000683121869662254e-02 2.045111556610074502e-02 2.087470150411957839e-02 2.127723051744124377e-02 2.165835845722850761e-02 2.201775669175219316e-02 2.235511307718423754e-02 2.267013277263412244e-02 2.296253891900928643e-02 2.323207320084279617e-02 2.347849630826008907e-02 2.370158831299169766e-02 2.390114897133926650e-02 2.407699796607212436e-02 2.422897509705324026e-02 2.435694042926053043e-02 2.446077440635562039e-02 2.454037793664159278e-02 2.459567245724984114e-02 2.462659998203869938e-02 2.463312313798142472e-02
2.105396988359729479e-02 2.101774242707151949e-02 2.096064525287273314e-02 2.088271731482986907e-02 2.078401533820240649e-02 2.066461385108851398e-02 2.052460528518147351e-02 2.036410014187874096e-02 2.018322711534268829e-02 1.998213308255626999e-02 1.976098307016069602e-02 1.951996042935633460e-02 1.925926725536717538e-02 1.897912480624795034e-02 1.867977373310137496e-02 1.836147427984616276e-02 1.802450674762479110e-02 1.766917226623185982e-02 1.729579367094625370e-02 1.690471638829382436e-02 1.649630949366637234e-02 1.607096714699005752e-02 1.562911044433454993e-02 1.517118962757130554e-02 1.469768668830066793e-02 1.420911854526915943e-02 1.370604098701480936e-02 1.318905347197619690e-02 1.265880486439831080e-02 1.211600025420172047e-02 1.156140901847998829e-02 1.099587425427571083e-02 1.042032363258513401e-02 9.835781574272414382e-03 9.243382470119614752e-03 8.644384369649267541e-03 8.040182092577355388e-03 7.432318071068763979e-03 6.822488395839779174e-03 6.212540554486296190e-03 5.604458326730800931e-03 5.000328422979006919e-03 4.402282960583628682e-03 3.812411886360939865e-03 3.232639596100796153e-03 2.664559211726584120e-03 2.109215142858114449e-03 1.566822006027812197e-03 1.036419831533282781e-03 5.155268120597269544e-04 0.000000000000000000e+00 6.317825494505618748e-04 1.325720265929047296e-03 2.044801994666386319e-03 2.768707443302156727e-03 3.489024784467288729e-03 4.201999681871695924e-03 4.905627666671733521e-03 5.598688480808386263e-03 6.280401930127827749e-03 6.950264537097285318e-03 7.607946389999694844e-03 8.253218439079517202e-03 8.885901520164343759e-03 9.505832252507151123e-03 1.011284162785290597e-02 1.070674279178264465e-02 1.128732513916778056e-02 1.185435255392380989e-02 1.240756429944447035e-02 1.294667745740859209e-02 1.347139019818690761e-02 1.398138542603563281e-02 1.447633447684481059e-02 1.495590069381428494e-02 1.541974277672678896e-02 1.586751784259237547e-02 1.629888418264402797e-02 1.671350371516822780e-02 1.711104414333371182e-02 1.749118084117600586e-02 1.785359848998700760e-02 1.819799248825532123e-02 1.852407016068700202e-02 1.883155178895676990e-02 1.912017148499567387e-02 1.938967792707659704e-02 1.963983497637615191e-02 1.987042218981502004e-02 2.008123524373035471e-02 2.027208628106205029e-02 2.044280419338139615e-02 2.059323484785327216e-02 2.072324126797567626e-02 2.083270377598000697e-02 2.092152010381902530e-02 2.098960547884944766e-02 2.103689268957200167e-02 2.106333213625448050e-02 2.106889187065899560e-02
1.751310392034349100e-02 1.748294658652515404e-02 1.743542503822614886e-02 1.737057180894289315e-02 1.728843425811331380e-02 1.718907459918793054e-02 1.707256997894405701e-02 1.693901261759107185e-02 1.678850993666002045e-02 1.662118458836440299e-02 1.643717443780097834e-02 1.623663268031934337e-02 1.601972817735917293e-02 1.578664585533295570e-02 1.553758697634708905e-02 1.527276933625510390e-02 1.499242763317850183e-02 1.469681412262966932e-02 1.438619943965995830e-02 1.406087345936475087e-02 1.372114626172179185e-02 1.336734937725424927e-02 1.299983740621083600e-02 1.261898999391125077e-02 1.222521416714631576e-02 1.181894714594831572e-02 1.140065977952256678e-02 1.097086068659910117e-02 1.053010115543965251e-02 1.007898089030982020e-02 9.618154689889218956e-03 9.148340107959541945e-03 8.670326043344465938e-03 8.184982046746527157e-03 7.693267965608586306e-03 7.196243292099732160e-03 6.695075183050482742e-03 6.191043606684508427e-03 5.685541461329609615e-03 5.180066852742418008e-03 4.676204094421489502e-03 4.175589510582508948e-03 3.679857918870082806e-03 3.190565844929279995e-03 2.709088002229584260e-03 2.236484317904272739e-03 1.773336462879848956e-03 1.319558468128669481e-03 8.742029261808216285e-04 4.353222725388024295e-04 0.000000000000000000e+00 4.153073040119900205e-04 1.029439681677333553e-03 1.658329649803401027e-03 2.276973802373831283e-03 2.884351409098488434e-03 3.481546965907523529e-03 4.069062920218044152e-03 4.646930240453000030e-03 5.214988522835975297e-03 5.773036487788521867e-03 6.320887452393309305e-03 6.858378950546257201e-03 7.385364890273049890e-03 7.901703765217243242e-03 8.407248331314481904e-03 8.901838334707935438e-03 9.385296335281855667e-03 9.857426050507640466e-03 1.031801255148317130e-02 1.076682370957223085e-02 1.120361240991693021e-02 1.162811917865110532e-02 1.204007496775356262e-02 1.243920393114819438e-02 1.282522608320427887e-02 1.319785977433210813e-02 1.355682395295482873e-02 1.390184019994675918e-02 1.423263453625376283e-02 1.454893901522591286e-02 1.485049311246239290e-02 1.513704493037125801e-02 1.540835223647140165e-02 1.566418335203591944e-02 1.590431790799636327e-02 1.612854748492843424e-02 1.633667615107150389e-02 1.652852091147664904e-02 1.670391208094660837e-02 1.686269359123817452e-02 1.700472324176682121e-02 1.712987290279191152e-02 1.723802867863832508e-02 1.732909103735948836e-02 1.740297491297150556e-02 1.745960978562109689e-02 1.749893974410698591e-02 1.752092353489618365e-02 1.752553460143960878e-02
1.398961507961105077e-02 1.396551050286845216e-02 1.392753239757719974e-02 1.387570684052072574e-02 1.381007177977913551e-02 1.373067705841472808e-02 1.363758447498550873e-02 1.353086789677943221e-02 1.341061337977772321e-02 1.327691922045316948e-02 1.312989595214981639e-02 1.296966641895601347e-02 1.279636602621223203e-02 1.261014308397869974e-02 1.241115907768299519e-02 1.219958885896009482e-02 1.197562093933345756e-02 1.173945802645199460e-02 1.149131774056098322e-02 1.123143337614558764e-02 1.096005471515251913e-02 1.067744904522466114e-02 1.038390251160634797e-02 1.007972180765012195e-02 9.765236167381417809e-03 9.440799707298351551e-03 9.106794236224236005e-03 8.763632627442998965e-03 8.411762804981338243e-03 8.051672374080186267e-03 7.683893905302597443e-03 7.309010860976759838e-03 6.927664074524757937e-03 6.540558555814869092e-03 6.148470233966247915e-03 5.752252021888748859e-03 5.352838281987639356e-03 4.951246408561868657e-03 4.548573821860690813e-03 4.145988234960680009e-03 3.744708691510089012e-03 3.345974650527284641e-03 2.951000420200807373e-03 2.560912630340934654e-03 2.176669292554570846e-03 1.798960618220049861e-03 1.428094936504748945e-03 1.063879508464379321e-03 7.055182254919371105e-04 3.515665659535564141e-04 0.000000000000000000e+00 0.000000000000000000e+00 7.183884570719524781e-04 1.282088578341852945e-03 1.796491755894775479e-03 2.289844985377434243e-03 2.770758701716805224e-03 3.242131643251128237e-03 3.704965914224549531e-03 4.159570381552363076e-03 4.605990441161205567e-03 5.044173077027472828e-03 5.474030222780777721e-03 5.895460629244429936e-03 6.308355014076002382e-03 6.712595156589197358e-03 7.108051578533591472e-03 7.494581667258137792e-03 7.872028773619470232e-03 8.240222329502205206e-03 8.598978784466295919e-03 8.948103110325390103e-03 9.287390669303081242e-03 9.616629254527556819e-03 9.935601170967041373e-03 1.024408527117487942e-02 1.054185887804238650e-02 1.082869956187492745e-02 1.110438675766551968e-02 1.136870321246564140e-02 1.162143626817644868e-02 1.186237898932664472e-02 1.209133114443218526e-02 1.230810005475370048e-02 1.251250132442645845e-02 1.270435946349477915e-02 1.288350841652166970e-02 1.304979200892406044e-02 1.320306432087317745e-02 1.334318999838729827e-02 1.347004451075537075e-02 1.358351436175515674e-02 1.368349726142606936e-02 1.376990226483170224e-02 1.384264988326808568e-02 1.390167217254950106e-02 1.394691280282686803e-02 1.397832711380585236e-02 1.399588215860848861e-02 1.399955673933280832e-02
1.048002386480135530e-02 1.046195802035924417e-02 1.043349746145337716e-02 1.039466177590972311e-02 1.034547946067435921e-02 1.028598793970132361e-02 1.021623360738774765e-02 1.013627191559603527e-02 1.004616747799270092e-02 9.945994130375628364e-03 9.835834934111590058e-03 9.715782209358595628e-03 9.585937696738473443e-03 9.446412825117236206e-03 9.297328964808471499e-03 9.138817618891001415e-03 8.971020653013993262e-03 8.794090682051561997e-03 8.608191606190130490e-03 8.413499211980809273e-03 8.210201828827437542e-03 7.998501140259659664e-03 7.778613244270735777e-03 7.550769966491031014e-03 7.315220395458573756e-03 7.072232678046366794e-03 6.822096171455239479e-03 6.565124021633053294e-03 6.301656189087339634e-03 6.032062915383614755e-03 5.756748613254892080e-03 5.476156158523357888e-03 5.190771498007072486e-03 4.901128358096812007e-03 4.607812697552534156e-03 4.311466389637895642e-03 4.012789415007605651e-03 3.712539593941674432e-03 3.411528598181192990e-03 3.110612712305990679e-03 2.810676630359615867e-03 2.512608515011929746e-03 2.217264694171004139e-03 1.925422844387567230e-03 1.637723463271532464e-03 1.354601137660078197e-03 1.076210051601815456e-03 8.023530084472882320e-04 5.324302513636837431e-04 2.654319038954438452e-04 0.000000000000000000e+00 1.821635250602270377e-04 5.620120117991931046e-04 9.551332215930510286e-04 1.337049476347019214e-03 1.707768581118654198e-03 2.069502299022791744e-03 2.423730721050404956e-03 2.771223658568686306e-03 3.112329473001168231e-03 3.447175216779511681e-03 3.775778164173309095e-03 4.098102758309164761e-03 4.414087473556317989e-03 4.723656141616246196e-03 5.026721877587242947e-03 5.323187871635169481e-03 5.612947227399487336e-03 5.895882815770536051e-03 6.171867497250135316e-03 6.440764786595599284e-03 6.702429879374935916e-03 6.956710933011547859e-03 7.203450497085853513e-03 7.442486995659484440e-03 7.673656195349599397e-03 7.896792612026507299e-03 8.111730822883854095e-03 8.318306668610199461e-03 8.516358338300833442e-03 8.705727335874768880e-03 8.886259332748169815e-03 9.057804913754824438e-03 9.220220224277601156e-03 9.373367528087043349e-03 9.517115685068106012e-03 9.651340557629419642e-03 9.775925354421502109e-03 9.890760919120500372e-03 9.995745971479485723e-03 1.009078730719565643e-02 1.017579996238964987e-02 1.025070734798312622e-02 1.031544135865657651e-02 1.036994246052383439e-02 1.041415976122830531e-02 1.044805106575185001e-02 1.047158292084272857e-02 1.048473065063728997e-02 1.048747838581940046e-02
6.980862557300816611e-03 6.968824789315724091e-03 6.949862198079664009e-03 6.923987856558688064e-03 6.891220778823182146e-03 6.851585930945416555e-03 6.805114259405423485e-03 6.751842754541242941e-03 6.691814534404321065e-03 6.625078897150910376e-03 6.551691313208343921e-03 6.471713414769304437e-03 6.385213084976266301e-03 6.292264668396123709e-03 6.192949204237835521e-03 6.087354584502378471e-03 5.975575669413329787e-03 5.857714487269948325e-03 5.733880590182551494e-03 5.604191520988644273e-03 5.468773319455509478e-03 5.327761075826342035e-03 5.181299609447748665e-03 5.029544333993296937e-03 4.872662317915913907e-03 4.710833538912659497e-03 4.544252352667761674e-03 4.373129211170155919e-03 4.197692667563897653e-03 4.018191675849970557e-03 3.834898157476599248e-03 3.648109794952718310e-03 3.458152971917473079e-03 3.265385696830532068e-03 3.070200263408526253e-03 2.873025291969487621e-03 2.674326648096145200e-03 2.474606580361204695e-03 2.274400257719187777e-03 2.074268736338905853e-03 1.874787298462450872e-03 1.676528115834430635e-03 1.480036358225998022e-03 1.285799282363099495e-03 1.094208609092469330e-03 9.055177979482780882e-04 7.197978714797966318e-04 5.368983614748184564e-04 3.564234284037985190e-04 1.777358141282198818e-04 0.000000000000000000e+00 1.666323587127012255e-04 3.923545422092093661e-04 6.393762387748559923e-04 8.887992420129350955e-04 1.134673722949229233e-03 1.375748554172800085e-03 1.612063795783447119e-03 1.843868126150010169e-03 2.071349336857825595e-03 2.294604552828913725e-03 2.513664406119138408e-03 2.728519001993519062e-03 2.939135188938576428e-03 3.145466003550970256e-03 3.347455097930960265e-03 3.545038489985603662e-03 3.738145152347425049e-03 3.926697246472331954e-03 4.110610399647455539e-03 4.289794166766377169e-03 4.464152682227294500e-03 4.633585470559148031e-03 4.797988355303853605e-03 4.957254409430689353e-03 5.111274908156976556e-03 5.259940248058768246e-03 5.403140809952098299e-03 5.540767755690155678e-03 5.672713749866887568e-03 5.798873604990323859e-03 5.919144853629047104e-03 6.033428249803594011e-03 6.141628204820158768e-03 6.243653164317495424e-03 6.339415931635099949e-03 6.428833943172362377e-03 6.511829501962662636e-03 6.588329974269349631e-03 6.658267953759658755e-03 6.721581398022764831e-03 6.778213741266345994e-03 6.828113986470820199e-03 6.871236780321305151e-03 6.907542473818211251e-03 6.936997170834759835e-03 6.959572766915923803e-03 6.975246980400419752e-03 6.984003377507952762e-03 6.985831392939876455e-03
3.488672270099532971e-03 3.482655314417651068e-03 3.473177455680768327e-03 3.460245234086110552e-03 3.443868159457030582e-03 3.424058715722862710e-03 3.400832377516145415e-03 3.374207650288893207e-03 3.344206120542021418e-03 3.310852476011949454e-03 3.274174478037224310e-03 3.234202939017898418e-03 3.190971786342975888e-03 3.144518214399399936e-03 3.094882823635966042e-03 3.042109664838850078e-03 2.986246242757531217e-03 2.927343610545837197e-03 2.865456601941399669e-03 2.800644115903255880e-03 2.732969362068056549e-03 2.662500091832531966e-03 2.589308918535559480e-03 2.513473781447097145e-03 2.435078519730044834e-03 2.354213510939017189e-03 2.270976384617488970e-03 2.185472865527447826e-03 2.097817786186430711e-03 2.008136251622408882e-03 1.916564914541004066e-03 1.823253337696830942e-03 1.728365411571955923e-03 1.632080751798483872e-03 1.534595946534152416e-03 1.436125455127353024e-03 1.336901896406071915e-03 1.237175409810935050e-03 1.137211691967856446e-03 1.037288232738786502e-03 9.376882444583778007e-04 8.386918044893926618e-04 7.405638391753977543e-04 6.435388111947275237e-04 5.478023934579000611e-04 4.534710983054223918e-04 3.605718452742418911e-04 2.690247787699330127e-04 1.786340255399091880e-04 8.909178730591678157e-05 0.000000000000000000e+00 9.200685855595275840e-05 2.013941847627304820e-04 3.212162563311835289e-04 4.440976404550860059e-04 5.663804333023593875e-04 6.867580411187107449e-04 8.049130909121770747e-04 9.208426694902867261e-04 1.034603743711252129e-03 1.146239349585350103e-03 1.255767524837252298e-03 1.363186749001064034e-03 1.468482811555209223e-03 1.571633523608457822e-03 1.672611318562145693e-03 1.771384460611110431e-03 1.867917550956781038e-03 1.962171766108816544e-03 2.054105040989631474e-03 2.143672313582671660e-03 2.230825849065790414e-03 2.315515630312955236e-03 2.397689801669433251e-03 2.477295134260237060e-03 2.554277492300617135e-03 2.628582288305276321e-03 2.700154911213835471e-03 2.768941121960446106e-03 2.834887414438487345e-03 2.897941338484223955e-03 2.958051786174880141e-03 3.015169244182883384e-03 3.069246013176957222e-03 3.120236397396878615e-03 3.168096867969507485e-03 3.212786202059064820e-03 3.254265600743515806e-03 3.292498788562666593e-03 3.327452096826923056e-03 3.359094532738425391e-03 3.387397836592918963e-03 3.412336528742529115e-03 3.433887947731096776e-03 3.452032281174935609e-03 3.466752590669431363e-03 3.478034831688823353e-03 3.485867869535333625e-03 3.490243492304019677e-03 3.491156421565525143e-03
0.000000000000000000e+00 0.000000000000000000e+00 0.000000000000000000e+00 0.000000000000000000e+00 0.000000000000000000e+00 0.000000000000000000e+00 0.000000000000000000e+00 0.000000000000000000e+00 0.000000000000000000e+00 0.000000000000000000e+00 0.000000000000000000e+00 0.000000000000000000e+00 0.000000000000000000e+00 0.000000000000000000e+00 0.000000000000000000e+00 0.000000000000000000e+00 0.000000000000000000e+00 0.000000000000000000e+00 0.000000000000000000e+00 0.000000000000000000e+00 0.000000000000000000e+00 0.000000000000000000e+00 0.000000000000000000e+00 0.000000000000000000e+00 0.000000000000000000e+00 0.000000000000000000e+00 0.000000000000000000e+00 0.000000000000000000e+00 0.000000000000000000e+00 0.000000000000000000e+00 0.000000000000000000e+00 0.000000000000000000e+00 0.000000000000000000e+00 0.000000000000000000e+00 0.000000000000000000e+00 0.000000000000000000e+00 0.000000000000000000e+00 0.000000000000000000e+00 0.000000000000000000e+00 0.000000000000000000e+00 0.000000000000000000e+00 0.000000000000000000e+00 0.000000000000000000e+00 0.000000000000000000e+00 0.000000000000000000e+00 0.000000000000000000e+00 0.000000000000000000e+00 0.000000000000000000e+00 0.000000000000000000e+00 0.000000000000000000e+00 0.000000000000000000e+00 0.000000000000000000e+00 0.000000000000000000e+00 0.000000000000000000e+00 0.000000000000000000e+00 0.000000000000000000e+00 0.000000000000000000e+00 0.000000000000000000e+00 0.000000000000000000e+00 0.000000000000000000e+00 0.000000000000000000e+00 0.000000000000000000e+00 0.000000000000000000e+00 0.000000000000000000e+00 0.000000000000000000e+00 0.000000000000000000e+00 0.000000000000000000e+00 0.000000000000000000e+00 0.000000000000000000e+00 0.000000000000000000e+00 0.000000000000000000e+00 0.000000000000000000e+00 0.000000000000000000e+00 0.000000000000000000e+00 0.000000000000000000e+00 0.000000000000000000e+00 0.000000000000000000e+00 0.000000000000000000e+00 0.000000000000000000e+00 0.000000000000000000e+00 0.000000000000000000e+00 0.000000000000000000e+00 0.000000000000000000e+00 0.000000000000000000e+00 0.000000000000000000e+00 0.000000000000000000e+00 0.000000000000000000e+00 0.000000000000000000e+00 0.000000000000000000e+00 0.000000000000000000e+00 0.000000000000000000e+00 0.000000000000000000e+00 0.000000000000000000e+00 0.000000000000000000e+00 0.000000000000000000e+00 0.000000000000000000e+00 0.000000000000000000e+00 0.000000000000000000e+00 0.000000000000000000e+00 0.000000000000000000e+00
